# all data are average pixel intensities inside the selected area
# areas:
# 37	456	37	418
1126.8108	1137.8246	3086.3513	1916.7584
1132.919	1146.7214	2813.2974	1988.7991
1139.5405	1133.1666	2997.7568	1936.6531
1145.7297	1146.1404	2895.3784	2011.3373
1115.9459	1138.4232	2743.5676	2000.3469
1132.8918	1137.6294	3029.1082	1869.5334
1138.5676	1136.8004	2832.1082	1962.8948
1144.8918	1140.0548	2910.6758	1953.7153
1112.973	1139.9562	3150.5945	1856.2775
1138.8108	1136.136	3002.4595	1954.6339
1122.081	1134.522	3028.162	1959.4043
1125.7297	1129.6118	2799.6487	1969.1794
1143.1892	1131.8684	2780.4866	1902.3158
1132.1082	1132.2522	2746.946	1954.1077
1139.4595	1138.307	2759.8918	1942.8804
1137.8918	1136.8158	2860.162	1915.4641
1145.5676	1140.9628	2785.7568	1987.5024
1121.081	1147.0	2935.6758	1906.9163
1136.1892	1137.375	2831.4595	1897.1221
1139.8379	1134.932	2949.5134	1983.4666
1137.2162	1136.3092	2941.1892	1909.2225
1132.4865	1142.7434	2770.7568	1934.5431
1133.8649	1138.171	2881.1082	1895.5359
1158.4054	1130.7192	3064.081	1933.2034
1122.7297	1129.5176	2852.5676	1955.1149
2280.946	1987.1206	2568.4866	2261.7202
2340.1892	2079.3333	2941.2974	2420.0623
2595.3513	2165.5657	2765.7837	2500.488
2552.054	2120.272	2888.7837	2458.189
2595.7026	2150.4321	3033.1353	2486.1196
2308.7568	2168.8816	2788.946	2499.4258
2490.6487	2092.669	3015.8918	2595.4138
2284.919	2154.0	3312.5945	2530.1006
2333.5676	2165.7214	2858.3242	2597.7058
2367.6487	2145.1843	2802.5676	2514.2537
2469.2163	2121.6865	2988.2703	2583.2393
2417.1082	2092.8816	2742.4324	2580.2297
2399.1353	2255.1885	3085.973	2593.5767
2302.6487	2159.294	2835.7297	2517.4019
2712.2432	2184.1096	2963.946	2584.8374
2393.2703	2154.2764	2602.2163	2537.7034
2518.7837	2234.3398	3092.2432	2716.7966
2233.946	2115.2039	2746.5134	2598.7966
2290.7837	2126.43	3131.7026	2538.1387
2535.2163	2200.1624	2733.6487	2644.6125
2446.6758	2147.533	3090.5134	2574.2153
2636.162	2211.4255	2849.838	2577.9138
2338.0	2172.4539	3057.6487	2606.7178
2375.5676	2211.9211	2778.8647	2621.2607
2478.027	2247.4736	2949.2974	2673.6316
2417.6487	2251.6294	2854.8918	2534.5767
2453.2432	2208.544	2934.8647	2627.7322
2289.8108	2196.4407	2712.4595	2605.9832
2493.2432	2242.7874	3136.162	2644.3804
2733.1892	2247.8706	3177.5945	2606.5647
2301.8108	2221.2786	3256.3242	2662.7537
2471.8647	2230.0833	3025.919	2718.969
2574.5134	2234.6995	3201.2703	2638.9282
2771.2974	2254.6865	2929.6487	2673.8135
2636.1892	2178.8574	3310.8918	2596.4666
2585.1353	2201.6184	3191.162	2686.3516
2570.1892	2200.1426	3000.0	2697.67
2490.946	2235.761	3011.4866	2731.5144
2444.6216	2178.5942	3151.6216	2591.5837
2667.8918	2234.8728	3188.1082	2647.8037
2622.2163	2179.7522	2894.2432	2645.5168
2578.7026	2276.3245	2992.5945	2639.7224
2676.5405	2270.228	3037.7568	2690.213
2488.0	2215.3552	2852.7026	2633.4976
2323.3784	2268.2302	3296.4866	2616.2512
2533.6487	2196.2412	2922.6216	2579.2966
2544.838	2343.592	3146.7297	2759.342
2637.7297	2203.8398	3233.973	2647.0527
2469.0	2215.6096	3062.0	2784.8157
2476.7568	2204.647	2901.3513	2585.4233
2558.054	2217.1008	2797.5945	2627.347
2588.2974	2204.93	2709.5945	2608.7559
2490.6487	2228.8816	3121.3242	2678.5264
2398.6216	2201.8289	2844.946	2654.9258
2584.5676	2216.0767	3254.162	2654.6267
2516.3242	2277.0022	3179.5945	2724.1196
2373.6758	2174.5723	3017.5405	2595.1604
2451.3513	2262.4846	2992.3513	2663.823
2261.0	2266.9385	3007.973	2736.2083
2589.2432	2238.9233	2966.2703	2699.493
2595.2974	2199.1448	3003.2163	2657.153
2461.1082	2294.1602	3386.7837	2749.701
2443.2432	2260.6272	3035.7837	2631.7441
2493.919	2208.011	2758.4595	2608.3445
2237.1353	2240.706	3027.162	2647.4832
2570.838	2260.8618	2920.1892	2662.2058
2422.919	2178.3354	3051.2163	2705.6724
2289.162	2152.728	2767.4866	2583.0862
2445.5676	2172.0942	2919.8918	2676.189
2560.6487	2275.6074	3278.7837	2637.7751
2564.081	2262.7148	3117.1892	2687.39
2441.946	2234.2764	3119.5676	2696.1746
2420.973	2215.0942	3111.5945	2559.6794
2421.3242	2262.1843	2743.4595	2587.146
2741.2974	2247.2698	3147.1892	2692.567
2412.8918	2269.3398	3108.7026	2723.1865
2442.7026	2252.8267	3164.7297	2720.8254
2555.5405	2250.0044	3004.7568	2734.811
2338.2703	2209.1514	3152.4055	2643.0454
2511.4595	2232.8926	2947.3784	2573.019
2396.6487	2188.353	3003.3784	2637.5908
2549.8918	2290.4736	2899.054	2630.5168
2617.4055	2275.9385	3169.5134	2827.5767
2673.7297	2210.6777	3120.1353	2715.3086
2389.1353	2197.3267	3049.8108	2555.8516
2647.8918	2216.897	2894.5676	2685.6914
2544.7297	2294.8684	3286.3784	2760.6292
2704.0	2351.4868	3254.1892	2788.495
2673.4595	2273.7522	3426.8108	2795.019
2333.919	2202.1338	3145.6216	2571.5933
2382.919	2220.4868	2935.2432	2693.6746
2370.081	2209.4736	2915.6758	2670.3708
2378.946	2242.4102	3284.7568	2804.9617
2406.6216	2294.8574	3261.027	2797.8494
2515.4595	2339.9365	3376.4595	2740.4402
2509.8108	2250.9604	3276.7837	2825.4114
2598.7568	2233.4343	3114.4866	2785.2822
2467.838	2166.364	3026.4324	2632.8875
2402.6216	2120.0964	2948.5945	2560.469
2371.838	2152.9014	2791.5405	2564.323
2421.3513	2165.4146	2834.6487	2603.866
2768.162	2199.1492	2869.7297	2593.4377
2516.2703	2187.919	3033.027	2628.6555
2504.6216	2247.364	3188.8918	2659.646
2549.8108	2216.3376	2984.2163	2556.713
2475.919	2232.3333	3084.3513	2670.4497
2528.8647	2250.6448	3177.7568	2729.713
2563.7568	2239.1733	3020.6758	2673.165
2688.1892	2220.5635	3070.027	2737.0813
2612.162	2275.2104	3085.7297	2649.5742
2557.946	2223.603	2922.4324	2688.1914
2568.1082	2237.07	2747.1082	2634.4019
2528.054	2240.2148	3020.1353	2824.9067
2490.162	2241.2522	3086.838	2698.5718
2417.946	2244.7654	3365.8918	2735.6052
2393.5945	2270.1162	3031.3784	2691.2607
2437.973	2252.2434	3264.7568	2660.799
2438.5676	2239.6096	3400.027	2669.4617
2507.2432	2306.5374	2984.4595	2669.9258
2496.162	2223.1206	3218.8108	2788.7751
2442.7837	2270.9626	3140.3784	2636.476
2563.8918	2165.4802	3036.838	2642.2368
2573.2974	2280.0417	3044.5676	2716.4258
2554.3242	2258.1294	3083.5405	2676.7273
2530.838	2301.5264	3026.5405	2677.9138
2385.6487	2269.897	3088.8647	2720.5574
2248.4324	2221.5396	2778.838	2672.9067
2414.946	2226.7456	2835.7837	2627.8613
2695.5676	2211.5635	3188.1353	2572.507
2427.8918	2187.206	2998.054	2603.701
2368.7026	2264.478	2916.6216	2601.682
2440.8108	2135.1929	2919.7568	2574.2393
2301.2432	2150.989	3052.6487	2609.5479
2493.4595	2200.57	2981.5676	2546.043
2642.054	2182.4868	2987.1892	2547.8254
2282.4595	2170.0242	2829.7297	2637.7583
2465.4055	2168.9846	2782.6216	2623.2202
2311.3242	2183.4102	3052.8108	2636.7917
2247.4866	2123.967	2959.4595	2601.5789
2269.4866	2166.2148	3130.1082	2615.3564
2538.946	2212.2368	2711.6216	2617.9258
2160.6487	2140.9014	3064.5405	2649.4307
2381.3784	2188.0657	2884.027	2542.993
2425.6487	2130.0679	3003.2703	2595.2322
2430.7297	2223.7478	3032.8647	2709.536
2269.5945	2257.0242	3196.8918	2731.866
2445.2163	2273.57	3216.8108	2768.3157
2691.4866	2371.9473	3237.2432	2802.835
2758.973	2297.2368	3449.8647	2837.689
2623.2974	2355.669	3595.6758	2730.677
2670.0	2316.5176	3328.2163	2787.464
2552.919	2326.4321	3190.6758	2844.1484
2549.6758	2356.717	3100.919	2789.2917
2551.1353	2293.489	3298.8647	2811.9211
2706.5134	2323.195	3178.5945	2797.6245
2672.027	2331.3838	3325.4324	2847.6292
2463.4324	2314.1646	3103.7026	2812.0908
2636.3513	2226.0571	2744.5405	2726.0981
2483.2974	2160.5876	2668.3513	2613.5886
2411.2432	2237.4934	2836.5405	2633.4905
2534.4595	2255.8486	2609.2163	2697.17
2646.054	2209.7236	2774.5676	2713.9592
2745.8647	2285.1338	2486.973	2726.519
2770.1892	2180.9124	2560.2163	2653.2656
2694.3513	2264.2522	2731.4595	2665.0383
2724.4324	2252.8115	2654.3242	2643.2344
2757.5945	2251.8289	2605.7568	2672.1196
2703.5134	2220.75	2669.3784	2700.682
2648.6758	2233.3706	2625.838	2662.5837
2884.919	2276.0964	2665.5405	2655.476
2664.7568	2262.0615	2620.0	2657.3276
2703.2163	2206.7478	2554.162	2595.1147
2542.2163	2209.0044	2847.919	2586.6484
2413.2432	2160.886	2644.7837	2603.9592
2626.7568	2196.3179	2711.4324	2676.0503
2669.8647	2225.7368	2718.027	2698.0908
2788.162	2279.5396	2654.8918	2749.9114
2670.8647	2302.0132	2634.2974	2743.4307
2744.4595	2297.1602	2715.7297	2725.0598
2733.946	2269.8596	2706.4324	2705.1963
2791.8647	2284.0154	2640.2974	2677.3972
2858.4866	2280.5854	2737.162	2693.8325
2943.5134	2184.8662	2796.5134	2666.7537
2636.1892	2201.25	2878.6487	2591.646
2944.2703	2197.8904	2730.6487	2626.8325
2743.162	2221.1646	2881.7837	2702.457
2708.6758	2227.7478	2669.027	2673.4905
2572.1082	2252.6995	2645.5945	2701.7896
2791.3513	2217.3882	2862.2432	2642.7537
2816.4055	2260.9321	2791.838	2747.6555
2736.4055	2283.4934	2618.1082	2686.481
2859.2432	2292.2258	2928.6758	2762.8037
2780.7026	2316.18	2664.2974	2752.835
2980.7837	2271.2148	2705.4595	2740.6077
2744.5134	2294.5745	2799.054	2739.9258
2679.8108	2235.3093	3109.7026	2699.61
2956.162	2234.8618	2800.2974	2710.5095
2756.973	2337.3816	2598.838	2744.2847
2693.838	2292.478	2750.2703	2761.1028
2659.6487	2282.6118	2715.5945	2714.1794
3069.919	2289.511	2644.0	2680.493
2785.8108	2287.3772	2939.5134	2688.1626
2796.5134	2319.8706	2836.2432	2680.036
2675.5134	2231.1907	2728.6487	2650.4163
2719.5945	2289.261	2939.054	2729.2488
2739.3784	2238.0745	2828.081	2695.165
2712.2703	2242.7764	2602.054	2714.1506
2667.1353	2317.3508	2804.919	2706.1626
2962.3784	2311.8574	2780.7026	2681.5837
2733.2974	2222.6074	2801.4866	2660.8374
2799.7297	2215.739	2529.162	2699.6172
2877.6216	2261.831	2721.2432	2694.311
2588.1082	2237.0022	2759.2703	2671.3613
2835.1082	2239.2368	2807.7568	2751.1147
3026.4324	2257.092	2855.5676	2792.3374
2745.0	2266.5789	2710.3513	2684.5957
2289.2163	2227.8816	2982.3784	2623.2583
2633.5676	2186.614	2610.2703	2564.495
2470.838	2197.6885	2785.3242	2527.7417
2562.6487	2260.4978	2729.1353	2639.1147
2642.4595	2191.4365	2488.5134	2608.4402
2826.7297	2192.1404	2705.1353	2608.165
2761.4324	2177.1973	2682.7568	2564.0503
2770.5676	2234.4233	2526.7297	2669.7583
2562.919	2182.0198	2566.4324	2551.0933
2501.8647	2242.0396	3012.4055	2631.9043
2862.5405	2266.772	2914.081	2718.055
2815.1082	2247.6536	2770.6487	2756.701
3050.7026	2282.3245	2706.2163	2750.1077
2752.7568	2272.842	2988.4324	2734.8804
2856.1892	2252.8596	2771.6216	2788.012
3181.4324	2275.2017	2684.3513	2803.811
2582.4866	2347.4211	2721.2974	2667.7703
3080.162	2377.4321	3034.5405	2825.2441
2883.2703	2303.4255	2776.2974	2773.433
2685.054	2334.1711	2886.4866	2737.3828
2935.5405	2289.0374	2850.2703	2714.2488
2735.4055	2296.1162	2768.054	2767.634
3191.919	2291.761	2772.3242	2823.8684
2812.8918	2315.114	2876.6487	2819.2202
2944.7026	2349.9014	2825.5676	2831.3445
2766.3242	2397.0483	3060.7837	2854.4258
2800.1892	2320.2983	2761.8918	2781.354
3009.1353	2294.7874	2839.2432	2760.146
2743.7026	2270.853	2897.6216	2650.8157
2578.162	2211.158	2820.8918	2604.3564
2655.3242	2204.0154	2552.2163	2656.2178
2948.5405	2224.7324	2876.8108	2712.2322
2706.3784	2291.4626	3302.7837	2762.0693
2645.8918	2291.8289	2802.6216	2711.9377
2499.838	2197.9167	2566.8108	2596.5742
2679.7568	2154.794	2663.4595	2558.1626
2510.1353	2182.7676	2603.3784	2549.6794
2585.973	2124.57	2680.4055	2527.622
2481.2163	2113.658	2748.919	2516.9233
2555.4595	2102.147	2643.8918	2477.153
2525.5945	2114.4978	2308.6216	2377.3684
2444.2703	2083.7698	2516.3513	2428.1985
2620.919	2099.5571	2604.8108	2459.1028
2660.838	2097.728	2659.1353	2513.2942
2615.6216	2134.375	2491.7026	2438.2656
2702.6758	2073.7017	2438.027	2496.4905
2345.5945	2111.4736	2677.1082	2462.0454
2571.2974	2082.0615	2639.7837	2526.1028
2585.1353	2229.4102	2416.081	2539.3494
2616.946	2180.294	2531.838	2475.0789
2606.4866	2131.7698	2699.919	2468.4114
2589.2974	2093.5679	2614.3242	2570.8923
2680.8108	2109.7764	2426.5676	2488.818
2512.973	2167.0417	2602.2432	2430.4426
2609.2703	2130.7434	2645.1353	2483.299
2414.081	2157.2324	2589.5134	2553.859
2773.0	2114.364	2614.919	2578.8494
2514.2974	2161.7522	2585.7297	2621.964
3031.5405	2200.9956	2666.973	2632.1506
2539.5676	2272.5242	2589.2703	2619.8684
3033.2432	2241.5657	2899.1082	2632.182
2653.054	2271.261	2808.0	2761.4211
2564.5676	2260.658	2871.3242	2724.4592
2791.081	2266.706	2853.4595	2746.4832
2805.2703	2231.32	2910.1353	2695.005
2956.7026	2308.4365	2883.919	2705.4402
3018.6758	2231.342	2833.8918	2719.536
2778.3784	2295.5198	2981.973	2707.555
2785.162	2218.4868	2780.4595	2702.2058
2961.3513	2240.669	2788.8108	2654.359
2725.5945	2220.2544	2655.1082	2700.0718
2909.1353	2187.4714	2640.3513	2778.5742
2627.1892	2223.669	2974.4324	2639.457
2737.2703	2223.4343	2863.1353	2644.1794
3168.4055	2214.6206	2732.973	2660.2441
2782.3513	2243.794	2717.027	2593.8948
2746.8647	2180.228	2778.7297	2675.4043
2462.162	2282.6404	3053.5945	2649.7417
2658.919	2195.8816	3000.2163	2581.5886
2534.7297	2223.4167	2939.4055	2635.4353
2377.6487	2251.6624	2691.5676	2647.4114
2943.1892	2221.7961	2755.6758	2580.6794
2537.4866	2276.1448	2857.2163	2640.5718
2671.7026	2215.9365	2613.081	2626.945
2838.1892	2254.1404	2643.7568	2612.4426
2565.973	2189.8772	2705.6216	2600.945
3028.3513	2160.4233	2610.6487	2609.1843
2809.838	2166.3706	2801.5405	2608.7417
2592.2163	2240.2126	2710.946	2594.2344
2495.4866	2183.8267	2695.6487	2630.3086
2671.1082	2197.2104	2520.5676	2565.2224
2407.838	2204.353	2599.8108	2546.701
2462.2974	2157.0176	2719.162	2573.1316
2731.4055	2172.092	2405.8108	2553.39
2502.4866	2145.0417	2584.1353	2576.4043
2670.8647	2148.3333	2607.2703	2535.33
2506.3242	2216.805	2752.2703	2517.189
2653.3513	2197.511	2677.838	2600.2202
3019.3513	2220.9978	2601.5134	2550.299
2936.7837	2156.0264	2624.919	2568.713
2741.8108	2169.4429	2742.2703	2569.0908
2718.0	2143.7654	2635.7026	2549.0957
2587.2163	2158.055	2505.7568	2554.9233
2526.5405	2161.2412	2670.1082	2520.6436
2698.946	2193.4714	2636.5945	2565.89
2551.7297	2140.8398	2943.027	2550.4736
2482.054	2110.945	2574.8918	2506.007
2525.2432	2158.5066	2562.3242	2614.3325
2702.162	2160.7214	2522.0	2613.3708
2528.027	2171.294	2954.919	2560.3037
2607.3513	2159.2698	2804.1082	2543.9473
2604.4595	2192.3816	2749.973	2578.3923
2481.5134	2176.7654	2523.6487	2542.2703
2402.8647	2145.6995	2610.838	2488.012
2440.3242	2162.3398	2770.5945	2605.7727
2568.973	2174.6206	2693.4866	2580.4187
2413.8108	2170.5044	2597.2703	2530.9114
2764.7026	2129.489	2760.1082	2547.2917
2488.5676	2132.8728	2344.919	2494.1843
2437.8918	2098.43	2483.2974	2534.866
2620.162	2099.9277	2531.6216	2485.7847
2630.4866	2111.2852	2456.7837	2524.0862
2738.6487	2171.7214	2649.4055	2540.318
2819.054	2201.8071	2595.7297	2569.5144
2720.838	2249.7544	2711.6216	2621.5527
2930.2974	2198.9495	2446.1353	2623.5527
2682.2432	2216.603	2613.2974	2626.4521
2661.054	2199.2324	2681.2432	2760.933
2653.7568	2235.9648	2832.8918	2694.713
2700.5945	2262.897	3032.4595	2668.6172
2468.4055	2296.625	2889.2432	2706.8276
2827.5405	2283.897	2703.8918	2716.177
2892.081	2284.2258	2705.0	2706.9233
2778.4866	2256.0	2890.6758	2700.5334
2693.973	2225.9824	2603.2703	2687.1172
2809.5405	2227.2896	2724.5945	2657.0144
2482.946	2278.4407	2805.973	2639.0957
2910.8647	2189.5723	2637.5676	2572.5168
2503.7837	2174.0	2383.838	2490.9187
2720.3513	2156.2742	2587.4324	2487.0
2479.7297	2093.728	2586.7297	2484.0886
2529.7837	2132.875	2654.2974	2540.4402
2509.7568	2163.0723	2832.973	2526.3015
2867.2432	2237.3706	2644.5134	2534.9546
2811.081	2222.3508	2548.6758	2586.6387
2647.946	2210.055	2780.4866	2676.4976
2690.946	2235.0635	2616.1082	2724.7607
2624.054	2224.9167	2896.2974	2704.89
2707.5405	2206.2896	2567.5945	2637.1028
2637.8647	2229.5657	2838.2974	2695.1196
2722.3513	2274.3093	2576.5405	2697.1125
2589.1353	2159.1228	2655.4324	2634.67
2677.919	2150.7192	2883.2163	2604.019
2782.6487	2170.2434	2852.1353	2554.818
2448.838	2163.9648	2475.5134	2577.9976
2606.081	2139.261	2527.4866	2559.2417
2791.973	2147.772	2536.7297	2552.4426
2478.081	2215.4124	2512.838	2537.3135
2590.162	2112.2126	2527.3513	2531.311
2273.7297	2162.7961	2583.054	2462.7153
2464.838	2164.5374	2472.3784	2517.6316
2339.919	2095.8596	2532.081	2494.7273
2475.5134	2134.1316	2445.2432	2519.2751
2638.6216	2153.9956	2438.0	2545.2153
2610.2703	2121.3552	2637.919	2533.9138
2718.7026	2120.945	2609.4055	2555.847
2572.5405	2170.1228	2590.2432	2472.1843
2695.2703	2127.5833	2654.946	2501.9426
2742.8108	2174.3728	2502.1353	2519.4114
2363.6758	2129.4146	2518.5134	2536.5095
2477.2432	2074.2434	2579.919	2492.5742
2643.7297	2111.6843	2472.3784	2509.5288
2407.1082	2157.4934	2675.4055	2536.0527
2514.5405	2157.4146	2570.054	2548.122
2504.946	2160.1558	2614.8918	2579.11
2596.162	2202.2852	2544.0	2657.8135
2543.8918	2180.842	2656.8918	2596.8828
2643.3242	2182.6995	2588.027	2606.7368
2536.3513	2175.294	2613.7297	2526.7488
2699.7837	2074.0242	2415.4324	2488.9043
2654.1353	2118.5044	2590.4866	2501.5933
2379.4055	2134.9539	2351.2974	2509.6794
2741.2163	2203.6206	2550.6758	2513.2966
2570.5676	2137.9978	2592.8918	2491.158
2389.838	2155.0833	2450.5405	2525.701
2674.027	2149.82	2484.3513	2590.5837
2590.054	2239.2983	2719.5134	2644.4473
2968.8918	2267.9473	2865.1353	2686.031
2844.7568	2218.3992	2764.054	2729.1028
2872.4055	2266.7302	2786.4055	2712.3157
2648.162	2253.853	2779.3513	2658.818
2970.6758	2289.853	2810.027	2698.9187
2785.946	2262.1646	2726.7297	2729.5933
2766.919	2278.0242	3049.3242	2743.677
2599.5676	2279.8904	2733.838	2698.8254
2696.4324	2285.5635	3023.6216	2750.3157
2811.162	2287.07	2706.6758	2714.634
2840.7568	2309.7302	2827.0	2737.33
2835.5405	2254.842	2923.838	2741.61
2799.081	2359.7983	2693.8647	2711.5789
2812.081	2276.2126	2815.2163	2822.0742
3031.1353	2292.25	2947.838	2789.0789
2909.3784	2263.8992	2766.5676	2755.1626
2765.054	2270.3552	2792.6487	2749.3613
2868.4324	2278.419	2587.2163	2766.5813
2750.6216	2248.0374	2967.7568	2720.4785
3045.081	2227.717	2754.838	2643.3875
2751.7297	2267.7632	2682.7026	2711.0598
2661.081	2254.2874	2863.1353	2748.1675
2740.7568	2216.5198	2778.6758	2771.981
2784.054	2287.25	2725.4324	2736.012
2829.027	2300.3662	2649.2974	2735.3613
2669.5676	2262.4758	2697.4595	2691.2537
2752.946	2206.1514	2820.7568	2600.7297
2622.6487	2225.7566	2624.5945	2625.4592
2679.1082	2194.5483	2880.3513	2603.8445
2674.2432	2203.68	2575.5134	2595.3635
2786.5134	2199.4495	2670.5134	2621.658
2640.4324	2264.5286	2791.6758	2621.8804
3020.3784	2203.3267	2714.5405	2716.6938
2824.919	2169.9539	2727.2974	2592.9233
2766.2703	2195.3574	2625.919	2580.507
2744.2432	2222.2544	2972.2974	2657.3923
2565.2432	2259.7786	2942.7297	2685.055
2740.2974	2207.853	2879.6216	2682.9497
2829.081	2205.0876	2604.081	2622.7322
2662.973	2234.6228	2622.838	2691.0981
2694.8647	2174.0767	2673.5134	2659.7583
2707.7837	2156.1646	2638.2974	2611.4832
2627.6216	2135.8333	2693.8918	2559.854
2377.4866	2081.7346	2572.7837	2459.8445
2473.0	2114.353	2509.6216	2428.976
2592.8108	2124.7917	2429.2703	2417.9546
2471.838	2123.2017	2537.4055	2540.2488
1137.1892	1142.2676	2907.4866	2005.555
1172.7297	1146.375	3230.2432	1980.2345
1140.4865	1141.432	2832.3513	1997.0646
1140.027	1137.2544	3143.919	1959.3612
1125.4324	1136.204	3079.1892	1969.6149
1145.8108	1149.511	2900.5405	1967.1339
1142.4054	1141.59	2820.3784	1993.488
1153.2162	1142.1864	2948.0	1976.8302
1124.0	1144.6448	3185.1353	1951.1531
1132.0541	1144.3356	2845.6758	1943.7177
1131.5135	1140.4014	2717.6487	1959.2416
1124.8379	1147.8772	2721.8647	1939.6172
1150.3513	1141.2676	2911.8918	1976.6508
1130.081	1139.1798	3124.6487	1889.9546
1155.1082	1141.7062	2723.6487	1960.3995
1135.9459	1141.4584	3157.3242	1976.488
1124.0	1149.3508	2972.1353	1972.6101
1123.1082	1136.693	3034.946	1958.4187
1145.2162	1141.0614	3107.2703	1932.6268
1196.6487	1133.7172	3179.8108	1994.0718
1127.5135	1133.9846	3311.2974	1948.2201
1123.1351	1141.41	2751.4324	1972.5885
1162.7028	1138.6338	2664.162	1907.433
1157.7297	1140.3684	2515.1082	1988.7177
1130.0541	1139.4166	3184.081	1936.8804
