# all data are average pixel intensities inside the selected area
# areas:
# 37	486	37	490
1183.2972	1153.8848	2916.6216	2290.8816
1120.3784	1145.0453	3040.3784	2232.3755
1131.8108	1148.0432	2849.2703	2201.7224
1196.4595	1143.7942	3245.2703	2208.2307
1178.7838	1148.5	3231.2432	2232.847
1166.5135	1157.749	2815.6216	2260.4531
1156.3513	1147.967	3263.3242	2236.2368
1173.5135	1151.8416	3003.5405	2216.3857
1173.919	1143.5	2878.8108	2218.4531
1161.7838	1159.6296	3047.081	2215.8408
1160.9459	1152.3086	3002.4055	2186.9673
1165.3784	1160.9382	3097.6487	2194.955
1165.5405	1149.9835	3341.081	2224.6755
1120.7567	1148.3766	3170.4324	2209.853
1134.7838	1153.6008	3037.946	2172.0122
1199.4054	1151.2263	3275.946	2183.2837
1121.4054	1155.105	3148.4324	2230.353
1143.6757	1154.1338	2898.5405	2170.0366
1171.2433	1152.4362	2760.7297	2173.7532
1170.4865	1158.6646	2940.7837	2159.604
1176.8379	1149.7778	2958.6758	2166.9756
1160.5405	1149.7593	2928.6216	2179.602
1134.1351	1158.2572	2914.5945	2150.2734
1126.919	1155.2202	2842.081	2182.6653
1165.7028	1149.1831	2837.7026	2119.853
2679.2703	2471.9094	3279.054	2928.7776
2784.2432	2449.3662	3249.3513	2882.2449
2791.081	2418.9795	3244.5676	2849.545
2750.1892	2480.21	3475.4324	2956.0552
2875.0	2472.967	3517.2703	2911.2224
2714.3242	2506.3066	3522.7297	2934.5693
2582.4866	2489.0557	3571.6216	2929.249
2597.2703	2494.9897	3410.5134	2887.9897
2808.6216	2498.2532	3528.2432	2978.4102
2940.2974	2504.6008	3487.2974	2875.508
3134.2974	2456.854	3404.5405	2962.1653
2990.6216	2592.7695	3750.0	2949.8572
2747.4595	2475.1997	3369.8108	2860.251
2870.2432	2555.9116	3269.946	2958.7917
2954.027	2597.14	3379.0	3000.0571
2849.4866	2485.5576	3289.2974	2957.451
2790.1082	2515.7715	3596.7026	2984.0674
2789.1353	2565.4363	3514.4055	2994.3774
2932.6487	2492.4033	3432.8108	2954.3816
2603.7297	2509.749	3745.081	2996.6
2508.6487	2533.934	3493.3513	2909.351
2806.081	2519.677	3304.4055	2938.6816
2998.8918	2558.5781	3581.5676	2937.5571
2954.3242	2500.1914	3508.3784	2984.096
2761.3513	2508.6152	3622.8647	2969.4246
2928.1082	2542.4568	3494.838	2926.3264
2872.838	2594.4485	3440.0	2947.6082
2906.5945	2465.356	3603.3784	2893.655
2892.2163	2550.0762	3276.8918	2956.6736
3052.1082	2539.257	3472.1082	2903.9448
2857.4866	2482.144	3492.6758	2908.749
2981.919	2490.4773	3234.8918	2934.6858
2867.8647	2501.4424	3492.5134	2863.102
2754.4595	2461.4692	3504.5405	2926.096
2776.7297	2485.3457	3542.3513	2918.3838
2641.2703	2487.5781	3543.8647	2894.251
3029.5676	2500.646	3392.8647	2996.7122
2959.2974	2495.142	3532.973	3010.1511
2678.5405	2488.7388	3619.027	2870.653
2930.081	2390.284	3472.7837	2929.3652
2913.6758	2549.7244	3505.2974	2911.5693
2678.4866	2403.0637	3630.4324	2918.6287
2874.946	2510.0186	3403.4324	2962.1204
2775.973	2443.8271	3163.5405	2929.0857
2745.2974	2524.5474	3590.1892	2938.192
2806.054	2432.1748	3481.4055	2868.104
3022.1353	2401.5103	3317.4866	2894.4326
2902.7837	2510.282	3356.5945	3009.11
2723.3513	2401.0452	3598.6487	2896.4714
2900.4595	2455.2676	3356.2974	2969.6755
2905.081	2423.4382	3418.027	2863.7734
2827.838	2466.2612	3462.162	3039.6897
2998.4866	2377.144	3227.2163	2844.8838
2778.7837	2463.7964	3397.2974	2942.7734
2626.973	2453.8704	3468.8108	2854.7979
2548.1892	2417.3044	3444.7026	2806.9
2729.946	2515.2798	3705.3513	2981.1836
2874.946	2354.9075	3550.5676	2831.3306
3059.3242	2459.79	3645.5676	2866.4592
2775.8108	2486.3354	3452.7297	2964.0857
2660.3513	2365.0083	3076.4866	2719.4756
2726.7568	2449.6028	3655.0	2948.3142
2687.1082	2491.144	3314.5676	2934.447
2505.5945	2421.6338	3317.1892	2896.2368
2733.4324	2356.4136	3154.973	2773.347
2729.3242	2322.389	3071.081	2692.8713
2622.2163	2333.566	3145.6216	2708.845
2551.1892	2352.6584	3430.7568	2700.5815
2524.4055	2339.679	3260.4595	2821.249
2796.4595	2399.9897	3325.946	2832.5103
2728.919	2412.4219	3331.162	2879.1877
2852.162	2444.8252	3561.081	2851.8857
2735.6487	2393.5637	3325.1892	2871.5225
2674.4595	2366.7366	3353.946	2936.794
2709.1082	2405.7798	3099.919	2875.5715
2616.8108	2429.5845	3614.162	2920.7898
2868.7837	2416.8147	3397.6758	2952.9082
2609.7026	2370.177	3223.7297	2849.1836
2535.1892	2405.0288	3473.7026	2805.0876
2814.4866	2341.8025	3034.7568	2777.6897
2513.5405	2270.2036	3182.4595	2694.8838
2372.6487	2301.033	3182.162	2746.796
2411.3784	2328.6914	3075.1353	2832.1653
2679.1082	2370.6255	3467.4595	2751.2856
2815.5945	2357.9219	3377.7837	2855.2673
2742.162	2463.9363	3523.3242	2792.1143
2823.6216	2386.9177	3360.3242	2908.9592
2768.2163	2463.2263	3418.1353	2810.5918
2545.2163	2315.0144	2988.3242	2754.1714
2442.054	2330.8025	3201.8647	2730.3918
2616.3513	2268.3025	2999.919	2636.706
2788.1082	2339.7551	3244.8918	2825.5
2536.1082	2436.572	3380.081	2786.692
2517.0	2367.0618	3354.1892	2849.6226
2716.5676	2417.829	3403.081	2902.4836
2829.4055	2335.3643	3265.2703	2852.1
2726.1892	2308.9485	3173.5134	2697.0266
2533.1353	2282.7612	3271.3784	2632.294
2806.6487	2288.1892	3159.946	2751.457
2461.946	2267.749	2908.5676	2656.8713
2623.2974	2334.2285	3571.5945	2724.39
2676.946	2287.64	2989.4595	2804.904
2815.1892	2351.0925	3496.2974	2824.692
2646.5405	2371.9692	3430.2432	2821.9695
2553.2974	2388.362	3395.2163	2844.5305
2545.4866	2388.1934	3477.5134	2781.7612
2511.1353	2293.8374	3028.7568	2731.4307
2591.4324	2271.8684	3236.919	2673.3489
2657.4595	2282.0269	3297.7297	2687.6123
2528.946	2265.79	3165.2974	2704.596
2735.1892	2348.212	3490.7568	2746.3408
2567.1082	2384.3396	3460.4866	2784.2817
2537.7568	2401.2346	3239.5134	2821.1897
2608.8108	2394.1604	3200.6216	2891.1653
2806.946	2337.111	3282.2703	2782.2673
2454.8647	2374.4197	3023.973	2744.1858
2530.4324	2288.5247	3262.8918	2692.89
2632.1892	2268.105	3074.027	2716.8774
2509.7297	2253.5823	3140.4595	2740.559
2419.8918	2267.4548	3326.7026	2756.2449
2742.3784	2371.356	3489.838	2871.153
2547.0	2364.8806	3356.2974	2798.0266
2532.8108	2352.743	3233.1082	2824.1816
2534.162	2364.3787	3338.7297	2850.3347
2735.162	2448.9465	3485.1353	2901.2083
2704.0	2375.7715	3422.5405	2938.5918
2859.4324	2308.3108	3212.162	2792.845
2365.973	2296.2058	3359.7568	2680.6714
2569.081	2300.3477	3236.919	2631.4958
2437.3242	2259.71	3007.6216	2744.2246
2583.6216	2258.0247	3300.7568	2705.8857
2532.081	2290.0557	3430.5405	2766.2468
2444.6758	2281.5	3275.6758	2785.8306
2635.054	2352.183	3216.2163	2762.655
2505.4055	2420.716	3451.919	2756.8674
2649.7568	2301.788	3458.2163	2828.4204
2739.3784	2345.9136	3211.7297	2751.7776
2631.5676	2313.963	3282.6216	2826.545
2849.4595	2346.889	3177.7568	2793.1287
2669.081	2330.2737	3443.8918	2843.9612
2476.3513	2364.142	3211.3513	2813.4592
2541.1892	2293.7366	2841.027	2778.3674
2408.7297	2265.714	3235.5405	2697.4592
2637.3784	2280.0845	3258.7837	2703.2837
2605.027	2291.862	3070.027	2687.4204
2282.2432	2303.0762	3071.946	2690.8774
2401.6487	2285.2017	3423.1353	2708.8613
2596.973	2389.4731	3204.8918	2841.2754
2641.4595	2376.4197	3298.7297	2772.5305
2601.8918	2334.5884	3160.2432	2888.0305
2559.2703	2326.4485	3187.5405	2829.8103
2726.5945	2289.718	3268.838	2797.794
2834.1353	2335.105	3407.1082	2884.5244
2613.2432	2303.1172	3360.4866	2736.8142
2329.2163	2258.066	3147.2703	2699.4224
2721.162	2266.3108	3127.7026	2698.2346
2586.2974	2263.683	3181.7568	2686.5754
2764.162	2322.3354	3396.4595	2673.0715
2619.2163	2275.7532	3421.3242	2673.8877
2767.0	2304.8416	3064.081	2750.3042
2416.081	2291.6357	3112.919	2704.8142
2564.8918	2352.329	3279.6487	2759.8796
2758.3513	2308.07	3335.946	2822.3755
2538.919	2312.821	3377.1082	2885.2266
2811.1082	2398.2737	3572.4324	2871.7593
2750.4324	2290.2676	3080.1353	2806.8938
2693.1082	2260.788	3200.973	2672.9
2642.973	2315.072	3162.7297	2804.355
2601.6216	2327.9753	3257.3784	2726.3225
2532.7568	2241.282	2980.5134	2697.5122
2415.6758	2231.9692	3270.2703	2707.6958
2457.5945	2272.6357	3317.3513	2681.494
2484.2163	2316.7222	3200.4324	2759.9634
2665.162	2301.9219	3285.4324	2735.5266
2566.7568	2330.1523	3159.1353	2754.6409
2743.5405	2311.5637	3346.4324	2754.749
2439.5676	2312.5515	2995.0	2800.2346
2477.7297	2313.749	3364.162	2768.5918
2686.8108	2280.9875	3429.7297	2811.4326
2576.7026	2319.7676	3169.8108	2830.308
2585.1082	2302.9958	3254.946	2711.3796
2754.5405	2317.714	3458.5134	2773.1755
2459.162	2314.0637	3458.3242	2750.3264
2665.8108	2303.5125	3491.7297	2785.251
2621.2163	2380.0989	3256.5405	2798.447
2676.3784	2352.9197	3283.4055	2858.3857
2688.054	2360.1028	3299.2974	2786.5469
2591.3784	2360.893	3272.4866	2790.049
2614.5676	2398.537	3303.6216	2804.4775
2655.1892	2335.9155	3217.162	2772.6162
2490.1353	2292.8066	3286.6216	2865.0205
2705.2703	2398.3765	3127.1082	2837.5164
2435.6487	2348.0269	3370.0	2877.6348
2803.973	2364.6812	3359.162	2878.0815
2565.5676	2324.7078	3390.4324	2827.502
2508.5405	2328.8374	3498.838	2842.9817
2562.7297	2295.6172	3174.2163	2750.7856
2509.919	2261.0803	3008.0	2662.2122
2359.2163	2263.3435	3276.5405	2672.2285
2550.5676	2246.8086	3324.4866	2713.6633
2284.1353	2238.9875	3490.946	2684.1816
2765.1082	2250.4917	3332.5676	2722.1348
2446.8647	2296.0637	2974.5945	2700.9856
2426.4866	2325.1934	2976.5676	2730.3816
2403.946	2260.5413	2973.6216	2735.3674
2707.946	2316.79	3210.7297	2785.059
2732.7837	2332.506	3243.5945	2769.3428
2479.919	2347.3416	3290.5945	2797.098
2763.7837	2407.9568	3560.4866	2800.1797
2694.7026	2356.2036	3421.838	2866.147
2648.162	2293.9011	3228.6487	2860.6958
2443.8108	2329.0083	3386.8918	2774.8428
2651.6758	2285.8745	3428.7026	2739.9695
2448.027	2288.8909	3235.6758	2777.5552
2579.4055	2276.677	3260.1082	2800.2183
2673.4595	2370.9568	3415.7837	2837.3591
2811.973	2356.1133	3600.027	2911.3838
2919.7837	2372.8108	3569.6216	2832.9856
2490.4055	2352.3416	3097.8108	2808.9185
2501.027	2343.3972	3355.162	2761.2122
2446.1082	2269.8396	3288.081	2772.257
2519.6216	2271.3333	3272.6758	2715.2795
2673.838	2228.3457	3399.5405	2694.5266
2443.054	2254.1687	3076.3513	2715.8347
2491.0	2296.8704	3363.4324	2762.0366
2499.162	2286.7078	3114.5405	2718.3755
2558.7026	2287.6152	3644.7297	2810.947
2731.2432	2383.3086	3117.2974	2766.951
2687.2163	2345.607	3358.3784	2782.0815
2667.4055	2339.86	3532.027	2894.6287
2384.2703	2274.6812	3225.3513	2626.0388
2506.4324	2191.9363	2938.1353	2594.4856
2781.7297	2240.5989	3144.946	2726.3735
2580.838	2259.0845	3037.2703	2701.4878
2478.7026	2280.3127	3147.3242	2741.506
2579.3242	2300.7676	3219.7837	2723.3408
2456.4055	2265.3457	3481.5405	2785.447
2613.919	2301.4238	3167.7026	2794.1387
2676.5676	2332.671	3125.4866	2842.4673
2474.6216	2344.1357	3386.4866	2793.61
2406.2163	2344.0618	3123.4866	2824.7693
2748.5405	2370.782	3266.1082	2766.4878
2655.5134	2330.9587	3361.4055	2817.8735
2713.7297	2388.4136	3052.8647	2856.4958
2560.7026	2343.14	3243.5676	2849.6633
2575.3784	2303.677	3525.5945	2881.8755
2417.8647	2328.928	3027.7297	2869.3838
2692.1082	2301.6316	3416.4866	2788.1245
2392.7297	2297.6091	3458.2163	2760.559
2573.6758	2275.5557	3305.6487	2793.2734
2620.027	2336.7798	3315.3513	2767.602
2634.2432	2246.251	3348.838	2728.2163
2371.946	2242.2202	3170.1082	2693.6162
2416.4595	2315.1482	3200.4595	2723.4958
2708.5945	2240.893	3075.3242	2747.145
2589.919	2258.8745	3191.7026	2705.0286
2453.054	2192.0823	3108.081	2663.2898
2536.6216	2234.218	3400.8647	2724.9307
2428.8647	2247.5637	3394.054	2636.7183
2405.4324	2241.2798	3195.4866	2722.4878
2512.5134	2222.8333	3359.081	2717.906
2493.8647	2267.6914	3319.946	2695.8203
2485.5405	2205.6812	3187.4595	2775.7021
2475.838	2260.862	3230.919	2651.4143
2421.2974	2215.2778	3172.8918	2733.494
2316.5676	2208.1235	3061.8918	2716.9775
2365.4866	2243.5884	3286.8647	2682.5796
2512.6216	2229.3992	3294.081	2663.902
2501.081	2222.9219	3087.162	2704.9
2468.919	2280.0762	3385.973	2747.4
2355.5676	2195.3806	3030.6758	2732.5205
2636.4324	2237.9382	3056.1353	2672.955
2429.081	2246.5803	3271.5134	2691.9387
2594.2974	2257.6194	3066.3784	2650.3367
2541.973	2239.0884	3503.2974	2607.492
2354.5134	2239.5269	3135.6216	2723.7246
2576.7568	2218.7202	3018.7297	2721.9673
2667.1082	2229.2676	3139.919	2703.7163
2549.5945	2200.1213	3013.973	2634.4448
2526.3242	2218.928	3346.838	2666.9878
2557.2432	2224.465	3169.3784	2747.3203
2527.5945	2268.0679	3406.5676	2723.406
2450.973	2270.5227	3136.6487	2745.9775
2545.6758	2273.5781	3051.4595	2757.294
2634.7837	2263.1133	3407.919	2792.6387
2529.054	2242.9753	3229.4866	2621.3838
2421.8918	2204.7634	3261.0	2637.2612
2441.7837	2214.0596	3239.1892	2738.9958
2509.0	2272.961	3156.2974	2693.6611
2501.2974	2239.0637	2975.3242	2732.249
2344.081	2295.9197	2983.946	2711.0122
2370.6758	2282.9382	3328.3242	2704.6082
2333.4595	2236.144	3147.3784	2627.1409
2446.6487	2247.0103	3063.054	2743.9307
2558.919	2262.1501	2914.8647	2684.8203
2603.3242	2264.171	3606.7026	2736.1511
2607.5405	2262.3828	3264.4324	2735.447
2671.4324	2277.4485	3339.7026	2771.2224
2506.8918	2350.2222	3333.7026	2880.0103
2616.5134	2365.7366	3639.7837	2821.706
2615.3242	2359.498	3488.4595	2820.1736
2527.0	2277.8909	3191.6216	2813.545
2580.027	2260.7654	3082.5134	2689.1633
2394.1353	2255.0618	3204.081	2744.9
2825.3784	2258.177	2853.7837	2685.9592
2588.5134	2207.4075	2892.2974	2640.1592
2584.5134	2186.0618	3259.4595	2738.6775
2376.8918	2234.5906	3156.2163	2688.1611
2375.1082	2223.3127	3488.2703	2747.3328
2609.2974	2301.8435	3167.2703	2720.4531
2496.7297	2234.961	3068.0	2723.2856
2336.7837	2308.3704	3037.5676	2737.9695
2535.2703	2260.8416	3226.162	2702.2878
2525.8918	2264.3374	3128.5134	2727.3408
2634.5134	2250.2305	3329.2163	2740.9204
2539.4866	2226.7468	3085.838	2732.6858
2668.7026	2282.5967	3139.162	2730.2632
2606.7026	2273.2715	3250.6216	2736.5347
2635.3513	2311.961	3230.946	2867.2612
2697.054	2406.3188	3400.162	2842.6204
2474.838	2387.7612	3201.1353	2791.5857
2708.2163	2367.0164	3169.5676	2761.11
2623.5676	2265.1277	3293.4324	2825.6611
2402.081	2221.142	3083.1353	2665.7021
2458.027	2283.0762	3222.4595	2728.4204
2505.2432	2220.93	3396.838	2826.3652
2786.6758	2301.43	3114.8108	2716.0735
2663.2974	2253.7366	3139.1082	2687.2224
2523.5945	2261.144	2973.973	2681.3877
2613.919	2222.0967	2982.1082	2754.8286
2556.0	2177.0803	3201.2163	2652.7817
2569.027	2244.6892	3466.838	2768.7776
2405.7837	2287.895	3401.1082	2774.5266
2509.8918	2254.9548	3136.4055	2816.0776
2666.5134	2322.4321	3436.0	2815.457
2615.5405	2316.4836	3185.162	2789.0693
2540.7297	2279.1687	3132.6758	2809.9143
2339.0	2169.506	3244.6487	2703.994
2556.8918	2266.3147	3282.7026	2728.0898
2557.7837	2332.0474	3023.162	2754.251
2807.8108	2360.434	3497.3784	2753.647
2497.8918	2241.3684	3209.027	2732.757
2375.5945	2290.5269	3071.3242	2656.6694
2494.4866	2258.356	3206.5945	2653.553
2462.7837	2231.893	3077.5676	2728.0122
2460.7297	2260.2612	3243.5676	2707.6287
2544.4055	2329.6873	3312.081	2777.149
2470.4055	2299.8044	3296.919	2796.1816
2930.4055	2320.286	3119.3513	2806.0327
2486.7297	2237.14	3362.7837	2754.951
2528.3242	2237.86	3391.1892	2747.257
2579.5676	2168.9382	3195.838	2670.8613
2423.3513	2227.5186	3180.8108	2724.3735
2703.8918	2287.1667	3042.8918	2628.2612
2371.2703	2254.4795	3191.054	2689.7388
2576.162	2200.8457	3203.0	2716.8225
2674.7837	2233.1975	2985.4324	2656.3774
2518.054	2296.4917	3359.027	2739.2551
2555.973	2249.7222	3170.838	2710.6367
2724.7026	2264.1565	3318.8647	2779.2388
2447.6216	2243.679	3237.5134	2737.9795
2553.0	2356.6892	3552.3784	2776.4878
2864.8647	2323.5925	3361.054	2811.0164
2304.3242	2406.2407	3262.6758	2871.3428
2624.2703	2334.1956	3226.5405	2812.2754
2484.8647	2296.1873	3563.1892	2756.1736
2759.0	2264.8787	3588.1353	2706.8633
2513.8108	2278.5269	3206.3242	2668.1816
2524.5134	2206.7449	3292.6487	2721.8572
2368.2703	2246.0618	3080.2163	2736.2979
2736.2163	2272.3313	3216.5945	2687.4836
2474.7026	2224.1482	3397.0	2705.1409
2435.5676	2212.354	3199.838	2697.9795
2616.2974	2229.0925	3149.8647	2752.2776
2604.1082	2233.0535	3602.2432	2819.8816
2467.6487	2304.3745	3477.1082	2700.949
2769.4595	2297.574	3170.919	2769.7856
2706.3784	2278.8765	3454.3242	2772.7083
2594.0	2263.671	3483.1892	2765.104
2659.7837	2359.9773	3203.7297	2869.045
2423.5676	2354.356	3405.919	2872.5042
2372.946	2305.642	3502.838	2771.8918
2555.4866	2313.9424	3153.162	2797.0652
2567.6487	2205.5	3153.5945	2751.8816
2559.054	2238.138	3217.1082	2714.0652
2569.8108	2241.4836	3466.4595	2601.8306
2349.3242	2249.3333	3155.7837	2681.053
2379.2163	2237.1133	3030.8647	2650.8245
2605.1353	2226.0535	3091.2432	2690.4673
2555.6487	2212.002	3206.8108	2691.0366
2724.027	2291.9526	3105.4055	2789.6694
2356.5405	2278.3147	3569.1082	2746.294
2284.5134	2257.8457	3246.6487	2739.796
2420.1082	2270.3396	3283.081	2807.0164
2346.5405	2326.5781	3182.5405	2821.4836
2607.8918	2263.9712	3521.5676	2736.7856
2654.5405	2354.6729	3250.2703	2727.2795
2613.1353	2322.498	3184.5676	2789.0225
2670.5945	2312.0186	3055.027	2738.4734
2809.4324	2293.3108	3350.8647	2804.39
2531.081	2237.1255	3128.7026	2697.5244
2597.6216	2355.6357	3455.3513	2809.4163
2484.3513	2259.6091	3235.973	2765.0715
2541.6487	2231.1892	3354.1353	2719.002
2336.946	2208.3188	3254.5945	2767.5164
2331.3513	2193.0413	3119.1353	2633.3264
2505.1082	2264.998	3081.7837	2706.3306
2734.4324	2321.7532	3295.8108	2712.3755
2617.1082	2248.5	3214.8647	2719.6062
2424.3513	2159.8108	3212.5405	2717.1736
2389.2974	2210.3044	3201.054	2685.9836
2386.2432	2185.1956	3204.6487	2658.1653
2557.5945	2211.5557	3182.8647	2699.7693
2499.8647	2280.5493	3420.8647	2667.1592
2565.6216	2253.965	3353.7026	2686.9878
2430.5945	2310.6543	3267.838	2727.3184
2427.6216	2306.6914	3172.7297	2802.4856
2550.7297	2308.4443	3325.0	2779.045
2758.6487	2277.0576	3471.3513	2765.5122
2593.838	2323.033	3237.7026	2839.4795
2597.838	2320.5925	3377.081	2767.2144
2441.5134	2283.572	3347.1082	2867.198
2410.4324	2314.5803	3194.5134	2823.7776
2457.2163	2303.1748	3595.1353	2823.7368
2611.6487	2282.9075	3508.027	2858.6511
2467.3242	2315.9177	3344.6758	2807.7715
2700.1892	2408.9197	3393.054	2844.5266
2420.7026	2302.6235	3367.2974	2813.1572
2646.4866	2340.4836	3156.2703	2743.002
2505.8647	2316.494	3228.1082	2805.3591
2755.4595	2255.389	3251.4324	2807.8694
2468.8918	2247.1133	3058.162	2676.1123
2240.4866	2215.1213	3291.4055	2676.043
2568.7297	2226.8662	3225.3242	2702.1755
2518.2703	2213.3127	3280.7568	2684.198
2397.5134	2242.2449	3272.7026	2691.2468
2419.1082	2206.8662	3089.162	2653.206
2503.162	2195.854	3294.1892	2651.9265
2544.2432	2255.8867	2985.838	2662.1694
2363.3242	2169.3147	3412.5945	2710.441
2539.838	2227.6748	2992.5676	2665.198
2397.027	2219.6194	3337.3784	2690.2205
2532.5134	2261.2593	3163.3513	2679.7102
2470.7026	2224.757	3477.6216	2766.1
2554.919	2301.0967	3296.973	2684.8286
2450.1892	2270.6213	3356.6487	2767.6672
2428.7568	2248.4917	3316.5945	2735.9163
2606.7568	2249.4177	3185.3242	2747.2632
2554.0	2210.9094	3273.0	2749.7122
2392.4866	2291.035	3186.6487	2766.5408
1167.973	1151.2181	2926.081	2194.9673
1161.4324	1153.2922	3146.5405	2193.5164
1161.081	1143.7407	3102.5405	2210.653
1140.5135	1148.4177	3082.4866	2244.0366
1160.4865	1144.1831	3127.7026	2149.9326
1137.973	1141.9794	3075.081	2105.4082
1131.2703	1146.8127	3502.1082	2156.8408
1185.2703	1146.0247	3259.5945	2168.492
1131.7567	1145.4979	2941.3513	2185.1367
1162.8918	1140.644	2976.919	2145.6062
1120.4865	1149.7758	3131.2432	2151.0388
1181.6487	1143.9362	2948.4866	2149.749
1151.3784	1145.6296	2790.6487	2149.0652
1139.081	1148.6215	2961.2432	2154.4673
1133.7567	1153.0906	3162.838	2129.6877
1143.4595	1150.749	3079.1082	2146.9612
1150.8379	1140.0247	3157.081	2139.6348
1130.6216	1144.7346	2738.3513	2196.094
1148.3784	1147.2922	3126.5405	2182.0408
1136.8918	1144.6831	2725.2432	2114.8306
1151.2972	1148.105	2896.1892	2160.8816
1158.4865	1140.9589	2652.2974	2167.1672
1161.8108	1139.3992	3146.081	2169.8286
1119.7838	1145.0844	2789.7837	2192.5042
1148.1892	1148.2386	2874.5676	2218.698
