# all data are average pixel intensities inside the selected area
# areas:
# 37	511	37	505
1169.8649	1136.3112	2668.4866	1941.3505
1103.919	1138.6008	2689.6758	1949.8654
1138.3243	1137.7202	2969.838	1916.0872
1124.8918	1140.3014	2703.5676	1938.5426
1144.1082	1142.6028	2352.919	1967.7683
1136.4054	1148.0059	2547.5945	1935.0455
1131.1621	1127.9667	2619.8918	1934.9326
1104.7297	1143.3405	2667.838	1948.1862
1183.973	1151.1664	2611.2974	1918.4456
1124.5405	1145.317	2788.5405	1978.604
1121.7028	1142.4736	3094.1082	1906.3822
1114.5676	1141.4208	2560.1353	1929.8673
1112.1351	1143.2916	2774.4055	1933.5505
1153.4324	1141.8884	2561.5945	1909.7327
1162.3784	1131.0646	2642.4866	1909.9307
1151.2703	1149.3542	2859.054	1920.1604
1121.6757	1139.3424	2779.5945	1956.1703
1137.1082	1134.6536	2658.5134	1903.1921
1178.2703	1146.2485	2871.8108	1925.5446
1157.8379	1147.0059	2670.4055	1933.4277
1136.2972	1134.2877	2675.838	1943.5564
1165.1892	1149.2778	2824.054	1873.9227
1152.2972	1139.1311	2749.6758	1935.3346
1161.6487	1150.2505	2607.3242	1906.7743
1140.4595	1145.3346	2638.2974	1902.3921
1919.6487	1785.135	2194.027	1965.1763
2489.3242	2092.5774	2890.2974	2243.6892
2592.054	2356.178	2939.1892	2580.5723
2712.919	2368.1858	3067.0	2570.4316
2730.6758	2369.3718	3119.7837	2543.8674
2800.7837	2401.538	3184.8918	2596.7485
2486.4595	2362.4775	2988.1353	2524.687
2480.3784	2306.9746	3127.4595	2532.6099
2396.081	2394.5657	3110.4324	2542.5723
2700.162	2334.3972	3145.2432	2553.3843
2565.5945	2413.3289	3374.838	2645.301
2555.4324	2332.4678	3254.973	2527.6575
2627.6487	2381.8806	3520.8647	2628.4514
2465.081	2247.9902	3043.027	2570.6455
2501.2432	2338.8318	3486.162	2618.5703
2567.4055	2361.4443	2854.7026	2540.1902
2591.3784	2353.8826	3116.2432	2631.7583
2678.027	2379.5774	3287.5676	2591.4556
2525.7297	2380.5283	3492.4324	2557.6575
2720.027	2371.2388	2933.2432	2638.5288
2689.3784	2350.771	3113.7568	2560.598
2844.3242	2318.2388	3232.5945	2588.8574
2877.8918	2383.2485	3057.4595	2565.3525
2588.8108	2420.3308	3218.3784	2574.6536
2681.3242	2391.7612	3190.8918	2618.2417
2486.027	2407.998	3045.1892	2663.5505
2672.2163	2333.775	3397.081	2704.3704
2619.946	2346.4834	3081.6487	2566.489
2656.027	2385.497	3073.838	2588.7722
2489.3513	2397.2114	3278.4055	2641.0496
2874.8647	2475.8003	3156.2163	2640.2952
2674.946	2376.728	3362.5405	2608.5623
2427.5405	2383.6204	3063.2703	2611.2417
2531.7297	2420.6067	3112.5945	2644.9426
2794.2974	2366.7417	3199.2703	2627.3486
2724.8108	2462.0234	3104.0	2611.6892
2383.8918	2435.3992	3303.8108	2727.7742
2708.4595	2342.4893	3117.7837	2581.119
2511.6758	2373.411	3067.5405	2659.212
2581.2163	2354.5735	3225.4866	2647.1367
2739.3784	2359.2974	3280.5405	2621.0713
2754.3513	2383.542	3494.6758	2699.2476
2652.919	2344.2622	3207.919	2571.5762
2734.4324	2430.961	3408.5134	2702.3901
2750.7297	2436.1057	3085.919	2612.202
2577.8918	2497.4443	3404.162	2669.6714
2608.0	2385.8806	3269.919	2662.093
2508.027	2306.908	3028.8647	2586.2197
2577.2974	2349.5186	3138.6216	2563.7644
2549.5676	2416.2856	2987.2432	2503.4119
2448.027	2366.3523	3209.1082	2616.8633
2552.8918	2329.4932	3001.054	2628.4219
2413.5134	2412.0803	3333.5405	2615.2495
2718.3242	2375.2954	3067.4055	2691.99
2653.6487	2433.7202	3208.4055	2676.3762
2706.4324	2421.822	3019.973	2677.305
2574.081	2355.2231	3223.081	2629.59
2567.4324	2456.3328	3188.5676	2719.4355
2718.7297	2316.131	3279.4595	2614.693
2719.1082	2286.2954	3379.3784	2611.404
2764.5405	2431.6028	3493.8108	2851.8257
2649.6216	2381.8494	3186.7297	2712.495
2827.4595	2458.8455	3451.2163	2624.392
2506.5676	2382.9727	3396.6758	2723.3862
2477.5134	2292.546	3182.3242	2564.012
2438.7568	2385.4011	3051.3242	2657.1484
2672.027	2430.3972	3545.7026	2745.305
2501.7026	2375.9688	3405.8647	2646.079
2574.6216	2307.5774	2917.973	2547.8594
2651.5134	2346.135	3087.6487	2594.794
2615.1892	2421.462	3136.973	2668.6455
2382.919	2418.957	3187.2974	2702.6733
2504.1082	2401.2466	3214.6487	2732.6316
2641.973	2325.0605	3353.4595	2635.6575
2449.2432	2386.2798	3513.7297	2683.5505
2846.5405	2370.9746	3408.838	2677.5842
2644.4866	2429.3406	3108.0	2714.6436
2536.027	2328.3445	3349.1082	2572.6377
2347.081	2341.403	3303.946	2659.2534
2870.027	2390.6165	3195.8918	2685.0554
2864.4055	2376.8962	3494.1353	2729.4238
2839.5134	2399.2505	3502.8647	2603.707
2554.6216	2417.828	3064.4055	2622.8613
2416.7837	2299.2427	3145.7568	2576.8594
2729.5945	2366.0547	2978.5676	2639.4456
2448.7568	2388.8162	3133.6487	2662.012
2714.5134	2391.9648	3418.2703	2649.2812
2752.4866	2312.3855	3103.8108	2657.9841
2821.054	2470.3171	3389.1082	2707.8435
2609.973	2391.004	3320.2163	2659.091
2586.7026	2348.8533	3398.3513	2631.8
2514.162	2366.681	2939.5134	2613.303
2843.5405	2446.5107	3301.3784	2656.0178
2572.1353	2383.9766	3142.4866	2680.0693
2578.3513	2348.0881	2938.4324	2674.9783
2796.7568	2398.4424	2985.5134	2750.988
2803.973	2359.319	3427.4324	2631.594
2505.7568	2280.495	3214.7026	2628.1704
2701.6216	2321.9863	3296.3784	2581.606
2885.4866	2398.963	3132.1082	2698.8257
2566.919	2468.1545	3242.838	2690.4
2450.1082	2453.3894	3171.081	2659.5742
2755.8647	2407.2778	3182.4324	2715.2712
2567.5134	2377.5205	3263.081	2707.8772
2592.5405	2375.2427	3280.5945	2664.212
2722.5676	2382.6711	3328.7837	2713.6912
2672.3784	2288.1487	3502.054	2578.5881
2755.8647	2349.4167	3092.081	2619.4219
2823.5405	2279.2642	3367.4595	2661.8
2730.162	2436.6458	3453.5676	2704.4912
2800.2163	2355.2642	3193.3242	2700.7783
2584.3242	2418.1038	3199.8108	2751.2336
2887.054	2428.2896	3322.8108	2611.202
2522.8108	2363.8162	3060.081	2663.988
2712.1082	2291.544	2983.4866	2645.9268
2462.2432	2291.5205	3130.6487	2604.6892
2583.946	2291.004	2997.3242	2652.8218
2591.054	2398.2876	3316.7837	2711.5327
2670.4055	2480.0862	3478.7297	2784.592
2760.5945	2398.2231	3305.919	2636.988
2713.4866	2424.9353	3267.838	2690.9407
2637.2432	2274.9512	2941.054	2581.103
2662.919	2367.4343	3010.5405	2638.6912
2562.4055	2317.4128	3172.4324	2574.713
2741.162	2392.7124	3145.3513	2674.7268
2766.6216	2404.2935	3395.7297	2680.198
2768.2432	2365.818	3160.4866	2589.6238
2566.7026	2411.675	3216.8647	2593.8276
2766.919	2362.4658	3171.3513	2605.9565
2744.6216	2330.4265	3264.5134	2633.6594
2764.2703	2382.7651	3390.8108	2690.0217
2567.4595	2407.094	3525.5405	2705.014
2848.2703	2365.0195	3221.4866	2646.7227
2622.2432	2386.64	3423.5405	2595.7268
2545.973	2323.225	3280.6487	2651.9248
2589.7297	2374.327	3253.0	2731.6316
2565.8647	2396.9434	3125.3242	2687.5505
2763.162	2311.6438	3450.8108	2701.6812
2536.4055	2305.041	3531.4866	2592.4832
2653.2163	2393.4246	2956.027	2711.099
2746.2703	2352.094	3361.8108	2621.713
2828.5134	2297.5205	3172.2432	2656.002
2828.3513	2318.9824	3346.7297	2613.2654
2650.054	2342.2231	3188.5676	2666.909
2743.4595	2347.3953	3218.6216	2617.3665
2812.4595	2378.7886	3155.3513	2562.79
2637.6216	2331.638	3166.3784	2561.485
2721.0	2420.8904	3463.7837	2651.907
2799.8647	2345.4639	3021.7297	2627.7722
2612.2703	2377.225	3352.162	2690.5881
2536.162	2394.233	3480.3242	2555.891
2818.0	2321.7534	3260.7026	2644.6772
2439.7568	2371.4363	3118.054	2658.299
2569.1353	2416.82	3089.919	2679.2852
2470.1082	2365.7534	3130.919	2635.3604
2622.7297	2310.4678	3393.7837	2646.3347
2598.946	2372.3289	3562.5945	2803.6157
2755.7026	2361.0647	3253.5134	2734.8674
2715.0	2385.133	3379.3242	2592.909
2748.838	2389.2583	3363.6216	2641.2712
2720.3784	2384.1565	2946.054	2662.402
2737.8108	2406.906	3227.4866	2745.9543
2753.6487	2369.0586	3451.0	2665.5386
2710.5134	2331.4893	3289.838	2555.602
2721.6216	2312.0842	3318.6487	2604.5168
2735.2163	2381.773	3353.4324	2637.6892
2754.7568	2394.591	3129.5134	2654.404
2722.4866	2329.8923	2903.7297	2642.6892
2781.838	2347.3052	2792.6216	2636.398
2903.4055	2361.3071	2778.7297	2695.1484
2689.4866	2416.0137	2899.2432	2647.1426
2794.8108	2338.4265	2603.7837	2619.9387
2893.8108	2352.8552	2826.8108	2557.2336
2760.7568	2390.043	2604.5676	2635.701
2974.4866	2431.6536	2828.2163	2694.9446
2624.5676	2464.321	2861.3242	2677.9465
2843.2703	2298.2837	2943.054	2623.0278
2950.8108	2323.5852	2626.1082	2649.6494
2814.8918	2331.7827	2685.1082	2630.7722
2912.5134	2397.6145	2830.3513	2748.0574
2758.2974	2455.6086	3001.2703	2796.41
2542.5405	2378.3308	2907.5134	2650.202
2693.6216	2387.045	2669.3242	2608.4336
2819.081	2299.8318	2641.4324	2661.0693
2837.162	2310.5068	2603.2974	2610.9624
2549.5945	2366.1155	2675.946	2576.1326
2705.3784	2345.4404	2625.3513	2605.685
2707.027	2336.6184	2763.5676	2642.1921
2877.162	2372.462	2754.2163	2678.5327
2932.027	2373.505	2728.8647	2643.897
2860.3513	2417.7104	2708.5405	2659.6555
2831.1082	2368.2622	3156.5676	2684.9644
3081.1353	2381.2915	2853.5405	2668.4177
2868.4055	2354.311	2799.919	2735.4456
2881.6216	2416.4187	2777.4866	2643.895
3050.5676	2389.5735	2850.0	2611.2693
2606.7297	2320.9314	2817.5676	2637.2573
2759.8108	2357.906	2761.4055	2634.7485
2785.6216	2313.6106	2757.2432	2678.089
2590.8647	2343.5615	2704.8108	2675.4355
2818.3242	2382.7046	2751.4055	2659.21
2734.8918	2405.7534	2788.7837	2696.503
2882.162	2332.5852	2673.973	2654.6575
2863.7568	2406.7847	2607.027	2671.6614
2674.1892	2336.1135	2786.7837	2578.8792
2927.7297	2249.3953	2544.7026	2485.8218
2845.8108	2387.7554	2626.6487	2591.291
3056.4055	2307.325	2722.7837	2656.7583
2714.5405	2350.0627	2798.5405	2680.7583
2691.1353	2391.2466	2810.3242	2675.1387
2660.5134	2331.6848	2467.5134	2568.1643
2763.6216	2273.681	2676.3784	2491.3762
2872.2432	2258.6145	2642.8918	2603.2336
2888.7026	2310.8455	2677.1082	2640.01
3009.838	2414.1057	2620.3513	2664.1306
2638.6487	2304.2368	2834.919	2673.091
2855.919	2382.1409	2929.2163	2686.6157
2997.4595	2480.3152	2628.6487	2691.7188
2776.6487	2347.0	2839.946	2698.9128
2672.4324	2340.73	2945.2703	2655.1406
2755.5134	2290.8513	2470.8108	2629.0
2779.7568	2367.1997	2730.8918	2594.0693
2511.2974	2287.638	2522.027	2641.2395
2966.7568	2347.8962	2710.8647	2666.9783
2788.4324	2391.775	2903.7026	2715.699
2653.4055	2393.7886	2802.162	2624.1545
2644.081	2351.963	2715.5405	2632.3286
2677.2163	2356.7144	2718.7837	2586.2395
2647.8108	2306.27	2739.2163	2640.2534
2772.8918	2339.2075	2771.4324	2686.3782
2833.2163	2368.1409	2651.7837	2657.9148
2714.946	2353.538	2546.6216	2656.9167
2652.5945	2365.3933	2604.054	2697.0237
2917.1892	2352.0547	2614.7837	2662.9702
2750.081	2322.3464	2624.3242	2593.6653
2564.3784	2321.8396	2628.4595	2554.804
2826.8647	2301.1057	2823.1082	2667.9148
2695.973	2300.775	2606.7568	2572.9744
2761.3242	2372.2173	2379.1082	2597.3665
2557.3242	2376.8826	2637.838	2534.7524
2796.7026	2280.6145	2666.6487	2594.3445
2589.2703	2257.2896	2690.7568	2566.109
2493.5676	2316.0647	2776.054	2570.093
2935.4324	2301.9785	2772.081	2557.206
2538.4324	2283.81	2576.2703	2583.1465
2585.2703	2317.133	2737.0	2567.206
2734.1353	2342.6145	2704.3242	2597.5088
2955.973	2296.4521	2532.7568	2589.0813
2991.0	2286.1155	2638.946	2590.7742
2705.838	2349.996	2873.1353	2583.7307
2706.8647	2338.4148	2769.7837	2598.7148
2612.7568	2235.955	2560.6487	2584.4397
2707.7837	2318.1174	2727.027	2597.2712
2872.1353	2263.0745	2830.8918	2593.21
2876.5134	2357.9177	2910.162	2572.3188
2530.5405	2320.3386	2585.1082	2541.9426
2577.838	2290.0627	2557.4866	2575.095
2763.5134	2314.3777	2641.8918	2556.9585
2729.1082	2255.5793	2919.8647	2619.1604
2779.2163	2278.8435	2495.5945	2595.8079
3003.3242	2325.7925	2691.5134	2599.4355
2777.5405	2264.8474	2738.6758	2550.899
2688.3513	2316.8042	2699.5945	2589.4556
2667.1892	2353.7065	2676.838	2525.5544
2539.8918	2289.8318	2932.8108	2597.0457
3174.3513	2268.131	2599.081	2634.6733
2725.7568	2276.1018	2684.919	2552.3882
2467.1353	2333.7417	2439.6758	2533.697
2807.162	2355.1018	2697.6487	2593.3486
2745.3242	2350.8806	2744.1892	2682.293
2603.919	2328.8962	2493.838	2537.0476
2543.3784	2342.5283	2615.081	2604.0593
2753.8647	2323.8865	2765.6758	2612.4792
2835.8647	2384.1506	2716.027	2619.6614
2695.3513	2362.957	2594.1353	2644.1267
2654.3513	2331.6948	2660.3242	2595.307
2666.054	2342.004	2770.2703	2575.2
2798.4595	2287.7788	2636.1082	2551.1526
2700.2974	2343.0254	2904.919	2601.3267
2620.0	2318.2368	3017.2163	2583.091
2824.2432	2325.9434	2764.2974	2563.2554
2536.6487	2378.36	2695.1892	2682.7803
2741.5676	2393.7886	2778.8918	2687.1208
2900.054	2379.1057	2983.5405	2594.1743
2514.6487	2349.867	2636.2703	2622.2812
2951.8108	2352.632	2743.6487	2586.899
2742.5945	2336.1545	2689.838	2583.293
2662.919	2356.3171	3016.027	2662.9922
2860.838	2325.1467	2809.5676	2610.7148
2885.7026	2349.366	2701.4866	2587.089
2976.838	2345.4482	2765.7837	2665.7227
2992.3513	2378.178	2708.5134	2628.8318
2762.4324	2338.3464	2718.838	2716.58
2798.6487	2299.5537	2717.973	2627.01
2597.5134	2359.9727	2447.919	2682.9604
2969.4866	2395.6672	2733.7837	2623.7427
2617.4866	2413.1096	2906.6758	2665.5347
3126.6487	2391.6262	2579.2974	2624.2217
2862.919	2381.5813	3064.1353	2673.4614
2800.027	2372.3032	3032.081	2672.5645
2888.4866	2371.1545	2919.7837	2663.9822
2691.2974	2354.9824	2848.5134	2652.7563
2892.7026	2322.7886	2791.5405	2714.107
2850.3513	2392.7827	2743.838	2657.5188
2644.3242	2368.4678	2876.162	2639.3684
2857.2703	2342.8845	2665.5405	2625.9604
2808.838	2329.9158	2699.054	2609.5366
2714.7297	2313.2173	2868.162	2614.697
2668.3242	2298.2778	2715.838	2599.5881
2851.7297	2249.454	2674.6758	2577.6396
2885.7297	2241.1194	2807.4055	2634.8435
2526.2163	2264.325	2826.6216	2593.103
2611.919	2302.4482	2781.6758	2585.392
2897.4866	2228.5872	2630.8108	2558.58
2602.1082	2214.9512	2739.6758	2537.6753
2859.8918	2265.188	2639.6487	2566.501
2843.7026	2208.9531	2560.6216	2581.9287
2708.5405	2334.0195	2783.973	2618.9841
2527.081	2395.818	2874.2974	2595.4417
2757.7568	2332.8982	2657.3784	2628.6357
2875.4866	2327.8003	2976.5676	2591.891
2716.5676	2288.4795	2993.027	2647.788
2860.973	2346.3835	2741.8647	2624.5168
2657.3784	2329.7827	2755.973	2689.1484
2717.973	2370.3855	2771.838	2620.685
2892.2432	2398.5557	2913.027	2722.4158
2848.1353	2381.4814	2754.6487	2714.186
2910.919	2342.1272	2767.4324	2668.685
2776.2703	2369.0195	2784.7297	2649.2039
2732.7026	2301.8003	2847.054	2622.202
2874.8918	2285.4502	2817.5945	2607.5544
2504.7837	2288.7456	2355.1353	2543.1604
2589.6758	2198.9333	2554.5945	2576.0317
2710.2163	2237.1018	2439.2432	2544.697
2643.1082	2249.6614	2743.7297	2476.8652
2665.946	2162.5872	2648.3784	2518.1387
2489.2703	2192.0352	2535.054	2479.398
2641.027	2221.182	2569.5945	2456.1821
2572.7297	2220.9275	2478.3784	2474.1426
2877.838	2188.4678	2539.973	2452.487
2710.7837	2228.0352	2628.054	2476.2515
2638.1353	2262.828	2663.4324	2503.2534
2455.027	2203.5576	2758.6758	2457.7405
2610.2432	2183.863	2451.2163	2555.6138
2605.6216	2258.2505	2416.2432	2511.986
2787.1892	2269.636	2700.1892	2621.1704
2783.6216	2216.4363	2497.3513	2586.9722
2797.7297	2335.9434	2832.7568	2701.4556
2726.7297	2379.9844	2824.2163	2698.5742
2651.1082	2311.9353	2785.7837	2640.907
2746.919	2305.2798	2524.6216	2572.8098
2480.0	2283.6968	2716.5134	2679.1882
2670.6487	2229.09	2494.838	2522.117
2624.946	2215.2466	2387.4324	2498.1147
2800.5405	2207.2798	2466.027	2488.404
2514.8108	2250.9668	2580.7568	2601.897
2645.946	2219.2954	2582.2163	2521.4614
2797.3513	2271.824	2828.4324	2583.1445
2837.8108	2281.3071	2580.6758	2631.594
2874.8647	2291.3718	2771.1082	2624.1643
2691.8918	2299.5166	2964.2163	2656.202
2838.7568	2369.7866	2460.7837	2623.1802
2573.5676	2334.3406	2641.2432	2614.4734
2879.3242	2261.2368	2674.838	2614.2239
2899.5676	2349.043	2700.838	2642.901
2628.946	2358.8806	2606.5134	2571.9485
2986.5945	2307.0862	2917.2163	2658.2158
2819.3242	2256.2974	2541.946	2673.2634
2536.838	2275.7026	2642.081	2609.6157
2718.6487	2308.311	2761.027	2622.5505
2786.6487	2347.3718	2922.2974	2633.3108
2759.2703	2288.7456	2888.973	2568.9763
2837.2974	2270.4265	2699.7837	2544.901
2772.7297	2260.8062	2638.1892	2618.6357
2630.7297	2267.131	2902.162	2545.9326
2387.7568	2242.6692	2612.5405	2502.2793
2742.6758	2262.8708	2630.1082	2525.7722
2801.1082	2221.7437	2719.919	2512.7605
2758.5676	2236.0586	2627.081	2491.701
2512.7568	2212.27	2545.7837	2523.9248
2930.162	2183.54	2460.6487	2480.8535
2610.973	2203.096	2374.919	2459.9346
2617.081	2200.6497	2544.4055	2492.7722
2792.973	2253.495	2747.1353	2557.6455
2402.946	2226.546	2673.5676	2468.7466
2508.6216	2224.0195	2705.081	2505.8496
2657.1353	2170.1038	2729.7837	2422.9922
2427.5405	2215.1702	2648.919	2555.7605
2500.946	2178.863	2624.6487	2515.8
2518.7837	2226.597	2594.8108	2465.9663
2810.973	2209.904	2566.7297	2482.4316
2418.7026	2211.3582	2782.162	2554.5703
2758.4324	2207.3152	2472.973	2505.3486
2603.1082	2188.0273	2289.7837	2528.703
2426.2974	2213.3386	2534.162	2507.6692
2495.2163	2265.771	2464.7568	2496.4575
2492.6487	2274.7007	2754.6216	2488.4336
2575.4866	2229.6028	2505.8647	2521.0256
2611.2432	2197.5833	2435.054	2507.1406
2419.919	2270.8767	2614.054	2498.7683
2490.2974	2213.7358	2561.7297	2554.7427
2591.5676	2173.368	2616.081	2510.01
2283.7568	2200.7925	2425.081	2453.0435
2642.081	2204.6028	2579.973	2451.0059
2756.2432	2176.4424	2550.8108	2486.382
2810.838	2212.679	2526.6758	2527.7644
2716.5676	2136.6243	2575.946	2509.014
2428.6758	2276.4443	2618.081	2524.9604
2742.1353	2155.7554	2565.2974	2525.4575
2720.5945	2161.7065	2360.7297	2470.7524
2406.6758	2204.1545	2625.4866	2543.1902
2807.946	2246.826	2464.8647	2577.8633
2547.6216	2245.1526	2631.919	2507.3088
2689.7568	2212.1702	2661.8108	2421.109
2482.3242	2213.3464	2499.946	2556.4792
2759.027	2201.1643	2596.6758	2462.4514
2499.8647	2244.681	2634.4866	2541.4475
2648.6216	2204.8396	2504.4324	2520.0337
2618.7837	2252.4854	2584.2163	2552.9524
2661.7568	2283.5637	2545.2432	2522.8853
2448.081	2199.096	2635.5945	2458.2417
2497.4324	2178.3777	2570.5134	2520.5247
2740.3784	2180.9844	2431.8108	2544.0813
2590.162	2212.6711	2620.919	2510.109
2675.3242	2241.8003	2713.4595	2546.9365
2572.1082	2346.172	2845.1353	2577.1484
2885.081	2268.1997	2628.162	2621.315
2444.0	2270.724	2550.5405	2583.2039
2681.4595	2264.0803	2413.4866	2566.2732
2733.946	2196.2212	2610.2432	2567.485
2774.0	2257.7515	2668.162	2615.901
2494.2703	2245.7651	2798.919	2528.5347
2680.2432	2258.7437	2787.5134	2611.6614
2875.3242	2236.4187	2617.3784	2493.3665
2642.5945	2237.6594	2707.8108	2529.4712
2866.6487	2196.041	2670.7026	2607.6455
2752.4595	2266.5793	2696.5405	2558.5168
2678.4595	2320.037	3014.5405	2596.6316
2787.1892	2227.2407	2548.8918	2619.8574
2865.5676	2207.094	2537.081	2546.79
2544.6216	2278.1038	2893.1892	2571.8772
2906.6487	2224.2173	2537.7568	2624.3367
2840.2432	2305.3796	2834.8647	2585.1743
2713.6758	2311.6848	2692.8647	2637.489
3011.8108	2292.9353	2716.3242	2687.901
2885.2432	2317.1643	2602.0	2629.0457
2849.054	2368.4443	2695.4055	2689.0732
2601.4866	2338.8845	2765.1353	2624.4119
2593.8108	2372.403	2782.5676	2639.0771
2790.2974	2363.8728	2880.8918	2701.6714
1147.8108	1153.0137	2587.6216	1937.198
1135.919	1146.5675	2848.8647	1924.2079
1134.4054	1138.0704	2809.7837	1949.1486
1163.7028	1143.2858	2807.7026	1948.6455
1121.7297	1141.906	2868.1892	1943.4218
1189.6757	1142.9667	2982.946	1924.3881
1182.2972	1147.4951	2994.2974	1960.0455
1108.973	1150.1292	2799.0	1958.7861
1141.0541	1140.91	2565.8647	1943.8475
1179.0541	1145.8082	2498.8918	1959.4039
1141.6487	1150.8845	2807.162	1870.2278
1129.5946	1139.4598	2746.946	1929.4574
1165.3513	1148.1957	2773.8647	1845.2476
1142.6757	1141.2427	2940.3242	1915.9089
1130.6216	1143.5402	2747.838	1886.1743
1204.4324	1141.5068	2595.7026	1914.1465
1164.8918	1141.9727	2529.919	1940.3446
1198.5135	1139.8787	3162.4595	1877.1544
1139.0541	1142.2994	2911.919	1884.7466
1172.4054	1146.3894	2858.919	1928.2336
1154.0	1132.6301	2782.7568	1918.7406
1115.4054	1147.8356	2930.4866	1893.0574
1158.8108	1138.5499	2741.2432	1862.8218
1152.4324	1143.591	2589.6487	1874.3881
1138.4595	1142.0782	2766.4595	1885.9347
