# all data are average pixel intensities inside the selected area
# areas:
# 37	542	37	547
1158.5135	1187.4077	3497.7837	2531.5923
1174.3513	1179.6365	3292.7568	2598.097
1182.1082	1199.238	3574.7297	2573.934
1190.6216	1177.8654	3563.6758	2510.8062
1192.8379	1182.0793	3404.838	2633.9197
1204.4324	1179.618	3325.1353	2564.7898
1191.7297	1190.214	3525.4866	2567.159
1171.3784	1192.2158	3367.5945	2593.0513
1172.081	1191.0516	3237.162	2514.3784
1164.5946	1189.9188	3460.3242	2555.5703
1237.5405	1188.1089	3637.919	2546.2542
1196.7567	1187.7638	3356.7568	2621.2888
1172.6216	1180.7196	3464.1353	2488.4424
1204.8108	1193.917	3439.8918	2533.8684
1188.7297	1203.1107	3519.5676	2511.1865
1178.3243	1184.5812	3657.054	2586.2139
1185.2703	1185.631	3656.4324	2556.0476
1183.4324	1178.8727	3464.6758	2575.8774
1167.2162	1191.2214	3456.973	2581.8867
1182.1621	1198.0443	3467.2703	2559.404
1208.6216	1186.3524	3161.8918	2531.934
1215.4054	1185.703	3714.081	2548.5247
1230.4054	1181.3265	3511.6487	2495.6782
1174.9459	1194.5646	3409.8108	2595.512
1206.7838	1178.5535	3621.7837	2548.5593
3301.2163	2841.345	3462.3513	3253.541
3520.3784	2865.6643	3276.8108	3216.9104
3654.5676	2854.7158	3331.7837	3263.426
3300.027	2812.2693	3287.5405	3256.1096
3461.8918	2808.0	3373.7837	3244.2505
3398.027	2801.4187	3705.2432	3344.2395
3587.6216	2916.4429	3498.162	3371.6619
3394.919	2899.1975	3446.4595	3470.0823
3369.6758	2928.7288	3502.5676	3369.8665
3797.1082	2910.8137	3637.7568	3350.8757
3732.1353	2931.7656	3388.7026	3461.424
3571.2432	2916.9814	3388.1892	3415.8977
3532.3784	2964.9373	3375.919	3448.0896
3356.3513	2906.5	3478.7568	3505.3108
3312.4595	2918.5388	3364.1892	3436.7222
3769.6758	2909.1753	3248.2163	3368.7878
3524.162	2838.6458	3478.2703	3375.1409
3524.7837	2833.7344	3352.7026	3372.0017
3453.7297	2891.9226	3521.1082	3388.2012
3669.4324	2850.4133	3513.2432	3409.3638
3678.027	2939.7158	3493.081	3339.565
3596.3784	2957.1753	3249.973	3334.6545
3512.838	2936.6514	3376.3242	3345.671
3600.027	2836.8948	3721.919	3304.159
3390.3242	2793.5222	3558.6216	3296.4734
3497.4324	2894.6218	3221.162	3407.523
3435.027	2926.0276	3685.8918	3379.5046
3787.7837	2836.8967	3093.4324	3326.477
3445.4866	2892.0608	3447.946	3346.7295
3411.1353	2858.404	3671.054	3312.5557
3441.5134	2854.69	3296.8647	3316.629
3448.5945	2827.9226	3362.2974	3303.033
3425.6758	2882.1477	3375.1353	3289.0676
3639.6216	2896.2952	3596.5134	3353.3054
3177.027	2893.9631	3745.973	3352.362
3444.1082	2913.9429	3472.7297	3330.8374
3511.5134	2792.6255	3594.946	3265.488
3283.6216	2784.2397	3136.7837	3184.7349
3310.3513	2769.9482	3244.5134	3130.9414
3304.7026	2773.725	3247.5134	3208.671
3388.7026	2786.6106	3240.7568	3297.923
3285.2703	2797.4575	3775.8918	3266.3035
3474.3784	2930.1716	3353.4595	3307.1445
3261.2974	2797.3357	3207.6487	3265.49
3179.8647	2802.8672	3625.4595	3256.4204
3504.5405	2860.1438	3358.054	3345.1992
3561.8918	2823.4724	3423.2432	3318.6252
3339.1892	2837.987	3495.5405	3323.7332
3484.0	2744.6162	3471.1082	3151.1865
3241.4055	2827.251	3381.027	3216.872
3138.2703	2734.4263	3130.0	3056.1975
3085.1082	2829.1218	3608.5676	3182.85
3421.4595	2636.5757	3199.3513	3099.042
3206.946	2813.9392	3400.162	3262.031
3103.027	2699.7214	3219.162	3212.1462
3287.3242	2748.819	3333.0	3194.2375
3353.7568	2808.406	3451.2432	3267.139
3429.7837	2655.4834	3439.4866	3225.4827
3369.973	2721.6235	3334.946	3222.6855
3179.6216	2751.2603	3430.7297	3303.4387
3441.5945	2714.0166	2957.3242	3218.6362
3126.4595	2741.653	3018.5945	3200.0732
3432.5134	2875.9814	3159.4324	3320.883
3249.1892	2797.2122	3566.8918	3350.161
3175.4866	2691.7417	3209.2703	3092.534
3358.1353	2696.8894	3480.6216	3071.4734
3377.0	2791.4778	3436.2432	3328.0183
3262.4055	2813.5388	3256.3784	3299.6636
3114.838	2765.808	3535.7837	3289.1243
3395.4866	2782.2712	3422.4324	3219.3328
2986.2163	2718.264	3151.6487	3106.2705
3395.6758	2687.9668	3261.946	3193.1646
3199.8108	2714.642	3377.081	3226.872
3316.8647	2774.773	3148.162	3318.3145
3434.7568	2802.9558	3524.7837	3314.5942
3086.4866	2702.0627	3620.0	3263.563
3173.7837	2757.7195	3274.027	3202.8774
3162.5945	2678.906	3281.8918	3081.437
3076.8918	2687.5886	3642.838	3202.8867
3156.7297	2721.5903	3225.4324	3192.0347
3083.919	2762.6938	3638.5134	3261.117
3146.919	2754.4446	3350.4324	3287.618
3289.5134	2860.7603	3620.5134	3302.4717
3279.2703	2634.5886	3225.2163	3164.914
3475.7837	2629.8635	3330.3513	3141.8977
3060.5676	2665.511	3250.2163	3217.6052
3448.2432	2699.681	3320.5676	3226.83
3478.5676	2745.1033	3418.5945	3268.36
3769.4866	2725.225	3700.2703	3227.8904
3591.0	2790.8062	3506.2703	3293.6362
3323.5676	2796.8523	3444.8647	3330.4937
3351.2974	2811.406	3559.8647	3301.8208
3251.5676	2751.1052	3247.1082	3194.055
3075.3242	2584.1697	3064.5676	3056.649
3132.4055	2596.1604	3136.7568	3129.1152
3285.4324	2652.6697	3123.8108	3186.7385
3147.7297	2560.0203	3460.5405	3086.989
3310.3242	2700.7195	3100.081	3204.9414
2947.8918	2708.0793	3402.2974	3259.0986
2959.5405	2690.7822	3148.8647	3185.7678
2552.4866	2720.0479	3258.4595	3269.925
2563.6758	2704.4114	3521.027	3245.7312
2520.1082	2689.513	3243.1353	3165.17
2615.162	2745.4907	3574.4866	3248.85
3086.2703	2746.9243	3238.4324	3234.119
2949.6216	2695.402	3447.054	3206.2725
2728.162	2704.8635	3379.973	3305.4644
2711.6487	2753.0388	3362.4866	3209.4534
2570.2974	2754.0627	3261.1892	3322.9543
2872.162	2726.5369	3196.027	3244.969
2910.4324	2685.9226	2934.081	3233.8591
2648.0	2640.7104	3267.3242	3135.2925
2511.838	2549.764	3337.7026	3154.7002
2439.2163	2579.3284	3197.027	3112.9124
2621.2974	2563.4114	2960.5676	3115.8481
2586.2974	2592.3267	3167.5945	3144.1116
2511.5945	2621.334	3268.6216	3085.7588
2526.8918	2635.666	3130.3242	3114.651
2751.973	2642.7822	3260.3242	3145.66
2409.2432	2653.094	3355.4324	3187.2212
2586.162	2680.797	3235.6216	3223.106
2761.3784	2674.43	3094.7026	3191.404
2712.7297	2705.524	3535.1892	3190.839
2624.5676	2709.9539	3423.1353	3211.7092
2475.8647	2730.4502	3423.6487	3232.9836
2802.5405	2737.083	3429.3513	3181.02
2686.4055	2654.0405	3520.2974	3272.585
2772.3242	2619.9316	3104.5945	3191.1956
2618.5405	2589.072	3348.8918	3336.2139
2495.3784	2611.8396	2959.7026	3127.585
2489.3513	2673.8396	3213.7297	3124.2358
2742.054	2663.3875	3271.6758	3200.5356
2645.2432	2614.5813	3367.6216	3149.2212
2521.1082	2586.1438	3235.7297	3190.203
2824.3242	2643.7104	3436.6216	3159.8665
2532.4595	2539.5073	3056.054	3135.2158
2513.7297	2570.192	3391.2703	3194.5942
2867.1892	2676.9927	3178.3242	3158.2505
2669.8108	2610.1477	3233.162	3142.4407
2700.946	2575.2896	3083.0	3114.7695
2447.8108	2662.9668	2990.1353	3116.7842
2690.1892	2639.2417	3109.0	3113.9597
2647.4324	2675.5774	2992.1082	3067.4114
2409.3513	2594.786	3048.2432	3142.1262
2537.4324	2576.1697	3202.5945	3149.1902
2426.2432	2547.2878	3023.5676	3152.6143
2763.1082	2668.3506	3431.054	3198.1462
2733.2974	2656.0479	3300.1892	3199.3438
2872.7837	2559.7842	3171.8647	3216.4187
2469.7026	2578.1753	3217.5405	3179.7422
2511.3784	2679.2473	3267.3242	3106.446
2739.7297	2686.3967	3424.6487	3212.3674
2345.5676	2627.1697	3142.7297	3283.5996
2490.973	2604.69	3614.8108	3173.2468
2700.5676	2673.668	3253.2703	3200.638
2629.1082	2653.7935	2986.2974	3215.15
2499.2703	2641.9243	3223.4055	3226.7112
2843.3513	2683.4963	3215.838	3266.3088
2569.4866	2698.8875	3234.946	3237.7769
2361.162	2612.2583	3073.7297	3223.521
2636.5945	2661.4558	3059.7026	3241.159
2759.5945	2700.8137	3528.3784	3284.3528
2711.2432	2649.681	3437.5405	3293.2048
2655.6487	2698.5295	3343.973	3196.457
2722.2974	2700.6733	3173.2432	3223.7075
2713.7297	2649.4465	3277.973	3364.2102
2609.4595	2743.847	3683.2974	3296.077
2538.4595	2752.6384	3433.7568	3306.0603
2548.4324	2699.8782	3244.1353	3256.7166
2816.4324	2710.5186	3383.3513	3303.7825
2634.7568	2721.0332	3333.6487	3274.3198
2725.6216	2689.6882	2967.2703	3333.4954
2711.919	2653.2288	3168.4055	3259.8628
2567.054	2646.1328	3392.2432	3240.5886
2723.4324	2707.251	3133.919	3244.02
2547.3513	2658.5774	3531.0	3187.5447
2478.7026	2578.7915	3335.2703	3177.5137
2648.7568	2444.264	3059.5405	3079.7695
2439.838	2541.3062	3189.1353	3138.1482
2588.4324	2605.3984	3158.2163	3095.1956
2598.1353	2605.751	3018.3242	3111.4517
2693.3784	2679.3062	3217.3242	3212.916
2590.3242	2603.1348	3346.4324	3219.7458
2392.8918	2623.3984	3290.4866	3282.1462
2627.7297	2609.2527	3059.1353	3242.1992
2596.2163	2599.8745	3165.7026	3206.7495
2631.1892	2666.9575	3120.1353	3304.0732
2790.6216	2615.4612	3316.8918	3278.4224
2547.8108	2665.2656	3501.7837	3241.298
2601.4324	2715.2563	3352.6758	3165.095
2837.919	2632.4612	3232.4595	3199.0476
2991.2703	2655.845	3440.7297	3176.3308
2580.4595	2659.4944	3488.2703	3219.5906
2397.838	2706.7952	3335.1353	3204.2742
2833.4055	2622.2437	3054.8918	3167.552
2601.162	2666.0647	3176.1082	3201.044
2588.8918	2617.7065	3265.3513	3170.8738
2597.6758	2588.402	3377.1082	3263.9434
2802.5676	2603.8894	3292.5945	3140.4534
2702.8108	2623.4077	3357.1353	3200.1426
2762.4595	2629.0571	3228.1082	3188.3438
2621.6758	2573.598	2999.6758	3234.3145
2483.8108	2637.8875	3156.946	3163.923
2839.8918	2645.6145	3005.1082	3165.5173
2465.973	2589.2952	3274.6216	3232.3071
2598.2703	2679.6199	3267.6758	3226.8684
2544.2703	2619.5056	3233.6487	3265.1243
2674.4866	2587.2527	3210.5945	3210.0513
2637.6216	2595.1365	3198.973	3165.4167
2809.7026	2611.6125	3111.1353	3155.8281
2682.054	2608.1494	3102.2432	3264.7642
2668.081	2617.2344	3142.4595	3193.2998
2776.5134	2674.6016	2935.3784	3178.4607
2737.6216	2677.8267	3213.4324	3226.1992
2748.4324	2659.7178	3337.4055	3252.053
2928.081	2692.8728	3323.946	3220.766
2464.4866	2590.4724	3240.6487	3180.956
2711.919	2647.9963	3082.919	3274.1243
2677.7837	2641.3376	3344.3513	3226.5906
2357.5945	2657.2158	3250.1082	3256.3235
2674.054	2560.5684	3301.973	3163.3235
2657.054	2469.821	3071.5405	3049.2615
2613.6758	2562.5627	2954.5676	3079.36
2617.1353	2541.4814	3253.8918	3103.87
2569.4866	2605.3396	3274.919	3121.5447
2676.2432	2581.5276	3356.7568	3162.7478
2388.1353	2564.2324	3213.4866	3131.2578
2774.8108	2609.4539	3074.027	3162.159
2654.7297	2571.928	3307.919	3171.9067
2644.5676	2636.821	3374.0	3238.435
2653.027	2742.976	3422.4595	3214.841
2470.919	2586.177	3140.8647	3238.1006
2732.4595	2549.572	3175.7837	3168.1152
2852.7026	2562.7656	3023.0	3044.8264
2526.8108	2527.677	3129.7026	3040.5503
2372.6487	2493.2158	2980.838	3085.7405
2646.027	2606.275	3277.7026	3152.649
2627.2163	2650.572	3182.946	3222.0366
2802.054	2647.166	3274.3242	3182.9597
2712.6758	2610.345	3179.054	3149.0586
2658.5945	2628.0774	3540.7297	3273.8867
2850.1082	2657.607	3429.4055	3192.2578
2822.1353	2616.3247	3485.4866	3278.0493
2628.973	2655.3782	3183.3513	3253.4004
2553.5676	2628.7065	3212.1082	3265.7332
2714.081	2640.9429	3415.838	3319.4077
2678.973	2680.002	3001.7297	3197.6453
2745.3242	2650.2603	3327.6487	3225.7532
2682.5676	2495.7397	2947.5945	3096.2651
2583.4595	2455.179	3042.3784	2993.4553
2677.7297	2483.5037	3067.6487	3056.36
2331.4866	2502.1697	3089.3784	2986.8098
2555.1082	2571.297	3130.8108	3024.6982
2408.8647	2511.096	3230.973	3066.0586
2664.2974	2618.1348	3120.2703	3143.5833
2352.7568	2585.4927	3062.4324	3126.424
2666.3784	2583.3562	3291.3784	3164.128
2641.8647	2576.1125	3153.838	3263.5356
2673.7297	2608.5627	3295.054	3188.2195
2665.4324	2682.474	3373.054	3230.9268
2704.8647	2648.8801	3121.8647	3209.0054
2619.7568	2655.1733	3316.162	3231.7405
2643.7837	2641.8486	3357.7297	3124.534
2514.6758	2592.4631	3287.1082	3217.4607
2684.5945	2635.9631	3087.3784	3226.3108
2719.5945	2656.2693	3323.5405	3190.2688
2680.8918	2604.0554	3235.4595	3228.5576
2385.081	2601.286	3426.8647	3168.6746
2435.5134	2596.9558	3386.7297	3155.3784
2729.2974	2594.1438	3126.1082	3224.1206
2640.2703	2579.9558	3096.7837	3275.1536
2729.4324	2633.7822	3412.919	3270.1882
2618.0	2605.738	3186.8108	3230.4077
2818.5945	2721.0813	3260.838	3190.1938
2814.4324	2684.8782	3279.5945	3266.415
2795.1082	2631.642	3156.5945	3267.1736
2547.973	2605.8062	3235.0	3224.6526
2586.1082	2645.3838	3315.1892	3247.2322
2552.973	2582.9097	3387.4595	3144.4844
2415.7026	2536.3838	3264.6216	2988.5557
2552.8647	2542.93	3197.027	3106.2048
2401.4595	2497.2324	3092.054	3137.4497
2556.4866	2494.869	3306.2703	3071.576
2538.027	2559.9854	3219.5676	3089.404
2693.4055	2567.4226	2968.4055	3131.6655
2663.054	2611.2805	3497.2432	3128.1116
2391.3513	2574.155	3294.8108	3216.181
2424.7837	2641.2417	3213.6487	3174.391
2778.1892	2585.9097	3180.4595	3236.457
2649.973	2563.8855	3379.946	3179.8555
2707.919	2600.725	3503.2703	3109.6892
2758.3513	2546.4446	3088.2703	3257.6636
2531.5405	2620.2546	3150.838	3181.5266
2570.6758	2589.6846	3202.2163	3094.8428
2630.8918	2604.3782	3417.4324	3129.2322
2324.0	2590.1587	3366.2703	3190.501
2775.3784	2551.0498	3365.7297	3156.8337
2643.162	2652.8616	3383.5676	3148.6929
2685.4866	2627.3542	3328.054	3172.7422
2709.5676	2616.1753	3439.919	3148.7039
2628.162	2645.8174	3148.4866	3152.6929
2660.6487	2654.2012	3398.1892	3229.3162
2763.6487	2635.9963	2930.8918	3229.9268
2696.3513	2640.7397	3054.8918	3212.2725
2523.5676	2624.0684	3206.5134	3201.4058
2656.2703	2666.7786	3356.5676	3189.5393
2782.6487	2674.7012	3281.054	3169.413
2721.8918	2620.1182	3299.1082	3221.819
2648.7026	2640.5479	3432.946	3303.119
2517.6487	2591.8599	3272.5405	3196.8464
2780.2163	2575.0388	3057.8918	3126.512
2582.6487	2520.9316	3120.2163	3055.9873
2544.027	2474.6458	3112.5405	3028.841
2673.8108	2570.1328	3209.6487	3115.64
2520.838	2572.142	3329.3513	3158.3054
2511.6487	2592.3062	3200.027	3162.415
2369.5405	2575.6218	3163.1353	3258.8794
2830.4055	2621.9336	3355.946	3218.2305
2692.919	2567.4243	3408.3242	3219.3564
2764.7837	2656.9688	3068.5676	3162.2742
2733.3242	2651.5608	3081.3513	3199.488
2671.973	2626.4521	3119.8108	3266.9983
2653.2974	2662.4004	3213.2432	3287.4094
2672.3242	2650.7952	3405.3784	3197.0676
2645.4866	2613.024	3245.8918	3216.7075
2655.7837	2581.8118	3151.5945	3210.3018
2776.5134	2616.7915	3224.2432	3221.1426
2505.3513	2601.345	3524.1082	3229.9177
2460.162	2630.0886	3511.0	3192.6252
2664.2703	2598.153	3499.8647	3165.3857
2464.4055	2546.8875	3110.3242	3164.6965
2932.8918	2550.692	3397.2163	3124.0183
2829.3513	2597.6753	3216.5405	3171.87
2596.973	2598.6624	3119.838	3281.1865
2542.7297	2633.1643	3539.7837	3192.9324
2519.919	2574.308	2974.8918	3147.945
2691.2703	2621.0203	3042.2974	3302.1042
2667.3242	2568.0332	2945.2163	3287.7112
2645.3513	2594.7417	3276.3513	3287.8628
2492.2974	2581.5903	3192.6216	3219.3748
2644.162	2630.286	3301.8108	3129.2231
2378.4595	2668.236	3279.4595	3152.6306
2650.5134	2590.653	3218.5945	3164.6875
2566.7026	2557.5518	3175.4324	3182.3474
2430.4055	2604.7842	3433.946	3172.9597
2522.027	2510.2344	3193.838	3147.4917
2432.054	2593.7454	3336.4055	3124.2651
2812.081	2548.4446	3144.5405	3211.435
2442.6487	2579.8984	3258.8647	3102.0913
2633.1892	2554.5186	3202.7568	3152.8574
2793.5676	2660.989	3017.6216	3224.4077
2726.838	2592.428	2981.4866	3283.6982
2561.2703	2725.5295	3627.3242	3248.9744
2594.7837	2650.6567	3305.081	3207.881
2620.4055	2616.332	3225.946	3208.6965
2676.2432	2639.8562	3051.2703	3236.6582
2688.6216	2597.6384	3445.4866	3257.7769
2572.7297	2583.7344	3522.162	3215.7202
2704.027	2672.1162	3395.3784	3262.1755
2612.7026	2654.369	3131.919	3214.6746
2677.5945	2618.1199	3058.7026	3147.7769
2522.4055	2581.5571	3254.081	3213.6765
2581.7837	2678.9944	3090.2703	3163.064
2548.162	2497.0332	3434.6487	3118.3308
2736.5405	2582.8652	3201.4595	3181.2852
2830.1892	2544.0535	3387.2703	3225.7695
2603.5405	2589.1733	3208.6758	3176.7312
2676.6216	2613.989	3219.8647	3130.0876
2450.5405	2601.264	3478.027	3204.371
2591.5945	2590.1643	3155.919	3233.7332
2419.3242	2505.906	3087.1892	3138.0293
2489.5134	2523.9944	3107.838	3043.87
2675.027	2510.0479	2991.2432	3003.7112
2545.5134	2531.1052	3399.027	3111.6453
2387.2703	2561.5498	3199.3242	3120.7625
2526.0	2549.9927	3271.4324	3196.2158
2700.2163	2542.8433	3158.4324	3136.033
2643.081	2558.7693	3389.6487	3141.1316
2428.7297	2532.5295	3161.1082	3117.2102
2441.081	2537.6328	3063.081	3106.3455
2466.2432	2580.1826	3077.1082	3131.4094
2254.2432	2576.7122	2910.6758	3104.819
2581.8647	2473.7454	3082.8108	3130.2212
2635.054	2532.6199	3069.2163	3083.8208
2411.973	2470.334	3241.973	3155.5027
2451.4595	2487.1975	3060.1892	3102.7935
2372.054	2449.286	3200.081	3057.9597
2624.8918	2449.7583	3144.2974	3023.9304
2275.4595	2411.7473	3024.3242	3072.4077
2589.027	2489.6733	3090.838	3017.9946
2486.054	2500.214	2972.8647	3062.6619
2605.1082	2479.4668	3075.0	3001.3455
2436.3513	2435.3267	3137.2703	3027.7695
2751.2163	2495.819	3070.8108	3097.1719
2091.2974	2497.3967	3154.8647	3132.36
2422.6216	2469.4446	3242.919	3074.9434
2354.5134	2500.286	2964.5676	3014.0623
2474.4055	2516.415	3071.3513	3070.2688
2562.919	2474.4226	3219.3784	2918.457
2487.5405	2452.9539	3103.2163	3013.978
2605.7837	2497.598	3063.838	3039.402
2549.919	2526.5479	3342.081	3100.512
2510.7026	2531.4429	3078.2974	3039.2375
2738.8108	2493.9668	3160.4595	3057.4807
2530.7568	2601.5479	3306.2974	3194.4077
2488.2432	2659.2896	3545.2703	3133.5996
2514.027	2625.9575	3101.6487	3201.5376
2467.5134	2501.1199	3037.5134	3146.7935
2462.4595	2537.358	3058.946	3081.0037
2447.5134	2482.869	3147.2703	3056.17
2558.3784	2517.3174	3056.1892	3075.446
2691.081	2582.8267	3086.8918	3083.3748
2432.8647	2487.4854	3400.3242	3063.8008
2759.8918	2497.096	3278.6216	3059.0623
2473.6216	2547.998	3014.2432	3092.6252
2580.6216	2559.2603	3228.162	3083.4204
2433.4055	2548.2085	3187.8918	3114.5483
2733.6216	2560.5886	3280.946	3119.4114
2562.5676	2544.0276	3407.1353	3179.8574
2596.7837	2579.5146	3124.4595	3159.521
2482.5676	2531.4353	3299.2432	3105.5886
2745.8108	2614.7769	3408.4324	3235.1682
2801.838	2550.2122	2975.946	3174.3547
2503.6216	2628.2935	2927.1353	3158.371
2483.6487	2533.1162	3151.4055	3178.1519
2615.6487	2533.9521	3268.7568	3218.6582
2278.081	2597.391	3112.7837	3191.3638
2531.2163	2533.5793	2911.838	3156.3547
2547.027	2626.4133	3065.2974	3132.6655
2518.2432	2566.2012	3229.1353	3148.0017
2376.2703	2619.1846	3099.7026	3179.7788
2432.6216	2560.9927	2999.1082	3161.5063
2463.973	2541.358	3295.8647	3230.7625
2375.6758	2605.0073	3198.946	3166.4644
2847.1082	2545.4539	3434.6216	3132.1023
2618.3513	2570.332	3159.7297	3189.044
2488.5134	2572.0222	3039.8108	3152.0933
2600.8918	2565.7397	3404.838	3163.0347
2655.3242	2626.4688	3394.5405	3211.565
2458.3242	2579.0037	3369.4866	3108.6343
2344.0	2543.93	3076.3784	3237.9397
2594.4055	2614.8284	3220.8647	3192.8684
2643.4055	2593.9724	3175.1892	3209.9653
2532.4055	2498.1992	2960.027	3137.8481
2849.081	2527.1992	3227.3513	3255.8757
2525.1353	2618.1292	3300.4055	3124.6636
2269.973	2631.0037	3119.3242	3201.5466
2643.5405	2564.083	3108.6216	3138.598
2493.027	2585.4944	3243.2974	3145.8281
2606.027	2493.703	3074.973	3083.0513
1201.3513	1192.3856	3590.7568	2707.5447
1162.7838	1193.1587	3616.1353	2666.4954
1160.4595	1195.166	4012.973	2658.4277
1183.7297	1189.035	3259.5134	2629.1226
1196.1621	1182.4261	3608.1892	2551.565
1219.5676	1193.2897	3429.5405	2516.8154
1157.3784	1187.0793	3567.946	2569.415
1187.2162	1187.6384	3479.0	2559.9197
1162.3243	1188.131	3597.3513	2586.9414
1177.7567	1188.1273	3162.5134	2595.4917
1167.9459	1193.0332	2669.2432	2523.8044
1193.4324	1176.6974	2380.2703	2546.3162
1204.8108	1190.3302	2511.2432	2514.7532
1176.7028	1191.2362	2566.946	2432.4387
1164.4865	1195.5996	2320.2703	2471.543
1220.027	1187.7601	2331.0	2567.6016
1179.7028	1186.0443	2746.2974	2507.766
1169.8918	1193.0498	2443.973	2504.541
1172.4324	1183.8044	2567.4324	2475.1243
1200.7838	1181.6089	2563.1082	2500.097
1203.5405	1191.013	2410.3784	2463.287
1183.7297	1182.1144	2604.946	2488.7605
1176.8918	1186.5923	2528.7568	2514.9197
1159.6487	1190.5037	2570.8108	2487.7878
1192.1351	1187.3506	2463.162	2519.1646
