# all data are average pixel intensities inside the selected area
# areas:
# 37	562	37	523
1269.1621	1203.7544	3154.919	2438.7878
1184.2433	1192.0676	2978.162	2450.786
1175.6216	1184.7598	3246.6487	2431.8833
1195.1082	1209.1442	3473.946	2388.6252
1265.2433	1189.6797	3274.0	2399.805
1178.1892	1193.605	3197.919	2428.2046
1168.3243	1181.242	3411.8918	2428.6062
1225.081	1194.4128	3191.8918	2379.3862
1231.5135	1194.7954	3203.7297	2404.6826
1198.8918	1204.7509	2976.2163	2376.0842
1163.0	1203.2189	3090.838	2466.3154
1207.919	1201.0587	2953.1082	2351.566
1155.5946	1195.4751	4117.5674	2461.956
1177.3784	1200.0533	3858.027	2396.4282
1234.1892	1202.032	3759.919	2424.6921
1187.9459	1204.7206	3800.946	2383.9312
1243.0541	1183.1104	3740.3784	2450.6597
1247.7567	1198.7384	3541.4595	2388.545
1204.5405	1188.3185	4010.7837	2347.0286
1208.8649	1205.5623	3958.4866	2428.9924
1220.973	1200.516	3927.1892	2411.5698
1228.3513	1217.4626	3717.081	2408.5852
1193.8918	1208.3969	3674.1353	2461.2715
1212.7838	1191.5427	4198.838	2392.2332
1229.5946	1209.6459	3707.6758	2388.8948
4077.3242	2877.5125	3051.7297	3096.7725
4000.8108	2815.9128	2882.6487	3015.1472
3991.027	2814.9236	3214.6758	2996.0994
4097.6216	2811.1565	3214.5945	3043.4875
4157.324	2789.4822	3238.919	2941.1646
4067.919	2781.8755	3028.7026	3044.742
3819.5676	2850.5515	3423.7837	3035.8433
4112.1353	2748.1086	3092.054	3163.413
3935.4324	2817.0605	3089.081	3005.6462
4155.162	2883.0693	3178.946	3123.2524
3511.0	2798.048	3039.7026	3018.176
3826.5134	2760.6477	3292.7568	3049.7915
4231.6484	2820.6104	3427.3784	3091.153
3884.2703	2825.4448	3264.5134	3014.6062
4358.027	2840.7366	3283.973	3027.998
4088.4324	2799.1494	3164.5134	3086.8145
4029.6487	2888.564	3265.8918	3124.7324
4149.8647	2892.4111	3469.2974	3104.5623
3893.2974	2870.4734	3065.081	3163.7341
3734.4866	2765.678	3205.3242	3101.046
3841.3513	2758.443	3272.8108	3126.023
4031.8918	2890.5889	3454.3784	3133.2964
4108.6484	2816.6228	3067.2974	3070.2544
3885.2703	2811.322	3365.2163	3118.5105
3970.8108	2758.039	3220.973	3052.757
4234.243	2792.146	3355.919	3042.0056
4356.4863	2832.532	3129.4324	3075.6921
4480.676	2898.557	2983.946	3084.6538
3859.838	2830.9963	3059.8647	3000.7456
4036.8647	2908.6245	3282.4595	3107.652
3888.7026	2811.356	3275.1082	2932.744
4000.5945	2733.5605	3250.2432	3026.086
4257.054	2765.9983	3107.4324	3082.4436
4115.8647	2810.4485	3415.4595	3120.824
4453.7837	2783.831	3085.3242	3099.7036
4164.8647	2782.968	3251.3784	3058.4207
3779.8108	2717.21	3118.4866	3046.5164
4349.946	2835.08	2987.8108	3048.3958
4093.1082	2768.934	3306.5134	3001.9255
3304.2703	2631.2722	3737.1353	3012.9675
3766.1892	2861.8647	3911.1892	3026.2905
3784.2974	2762.5962	3650.5676	2959.545
3953.0	2897.4448	3437.3784	3091.8108
3534.4866	2766.5212	3689.3242	3034.9714
3318.081	2817.0498	3471.4866	3077.8145
3662.2974	2778.8896	3523.7026	3004.981
3618.8647	2831.3523	4108.2163	3073.4705
3389.054	2689.4946	3571.2974	3086.9695
3424.5676	2880.6904	3973.6758	3085.5774
3660.4055	2702.742	3323.1892	2982.9177
4011.7837	2786.8896	4041.162	3082.9082
3665.946	2759.783	3521.7837	3054.935
3386.3784	2733.4912	3381.8647	2962.3728
3735.6487	2822.0535	3761.8108	3060.4436
3619.3784	2789.2083	3510.0	3092.757
3766.2703	2697.2117	3284.1353	2965.0269
3723.2974	2818.4626	3580.081	3056.1318
3737.1892	2800.815	3568.919	3070.9426
3584.2703	2723.9216	3756.3513	2939.413
3614.2703	2686.8435	3547.7568	2950.476
3736.3242	2796.783	3481.7026	3094.4207
3807.6487	2755.1157	3749.1892	3055.5144
3301.6216	2727.6013	3549.5676	2891.0535
3421.081	2796.3398	3851.6758	2964.499
3542.5405	2813.6904	3638.1082	3070.1377
3517.8918	2872.669	3970.7568	3162.7668
3389.6487	2629.3113	3300.2163	2848.2944
3466.0	2619.2847	3434.3242	3040.3118
3632.8647	2825.8132	3398.8647	3036.3213
4236.5405	2866.9556	3454.3242	3046.759
3795.838	2768.2847	3368.3513	3105.019
4068.081	2734.3755	3405.8918	3097.8833
4292.6216	2795.1228	2952.4055	2954.9272
3558.7568	2740.9912	3139.1082	2910.2715
4053.2432	2777.0818	3175.4866	2915.258
4337.3784	2700.6282	3138.7026	3071.8489
3852.4055	2818.1013	3360.7568	3203.742
4458.5674	2856.4236	3232.5945	3106.3577
4118.919	2821.0303	3207.946	3055.954
3846.838	2821.968	3427.054	3131.765
4038.2432	2818.3257	3338.3513	3011.3442
4133.0	2973.847	3396.027	3154.8125
3733.8918	2785.566	2718.7026	3021.4626
4137.054	2846.0142	3241.6216	3215.3213
3928.0	2755.4734	3490.081	3111.1587
3927.1353	2698.6494	3338.2432	3023.6787
3900.919	2854.539	2991.054	3068.2964
3961.3784	2833.0232	3252.6487	3102.9675
3884.3513	2693.6726	3272.6487	3036.4187
3551.4324	2716.2883	3195.5134	2997.2314
3919.162	2729.2153	3064.4055	2938.3958
4120.4053	2699.1477	2791.3784	2922.6711
3913.8918	2724.153	3098.054	2981.1072
3921.1353	2676.8523	2987.2703	2976.086
4083.1353	2657.0588	3216.6216	2911.1204
3855.3784	2719.9858	3002.838	2888.6213
4047.1353	2743.1797	3185.838	3010.4111
3883.8918	2763.0037	3129.5405	3093.501
3809.3242	2765.9395	3058.2432	3093.4666
3825.5405	2767.057	3147.8647	3043.6233
4288.243	2742.1104	3055.6487	2938.566
3794.8918	2802.646	3070.7837	2979.5469
3681.027	2753.5212	3105.3784	2952.2466
3896.6758	2682.8274	3202.973	2954.2275
3985.5405	2643.6406	3053.1353	2936.1892
3814.919	2668.8079	3145.1353	2981.5852
3904.7837	2716.63	3136.162	3036.327
3611.6216	2671.557	3131.7568	2948.9714
3508.2432	2647.5142	3165.2974	2933.9158
3434.5945	2670.6138	3033.054	2892.002
4204.324	2634.6228	3020.4595	2853.3882
3553.3784	2713.6228	2987.5405	2874.8872
3527.8108	2596.0	2950.6216	2873.1453
3967.5945	2625.073	2753.7297	2894.543
3899.973	2584.9539	3067.3242	2892.0305
3902.973	2639.459	2975.1082	2923.9944
3639.027	2831.0925	3534.1082	2985.2007
4145.2163	2792.8594	3184.4055	2983.937
3614.1892	2729.484	3119.5945	3016.9407
3717.4595	2686.0125	3255.3242	3044.0918
3583.5134	2684.4644	2846.7026	2985.8108
3698.7568	2603.203	3112.4866	2852.5374
3779.7837	2527.8987	3036.4055	2878.48
3839.7837	2645.144	2959.919	2890.2275
3748.5405	2554.8274	3098.2163	2856.6558
3766.3513	2656.797	3127.7297	2899.2217
4175.2705	2649.1387	3200.1353	3046.912
3805.4866	2719.5837	3044.5945	3078.803
3881.4055	2758.952	3323.6758	3073.0688
4246.919	2708.8665	3109.973	2939.2925
4052.2432	2719.436	3028.1353	2914.193
3491.4055	2630.9287	2729.7837	2854.996
3634.5945	2619.5303	3032.4866	2889.0498
3919.6216	2669.5623	3099.3242	2939.9236
3800.054	2730.6191	3164.2163	3063.9866
4131.5137	2748.6565	2744.4595	2985.3098
3772.1892	2703.0286	3473.973	2855.8584
3672.081	2601.7705	2875.2163	2920.2007
3695.162	2645.0017	2990.054	2923.0784
3699.5676	2591.0444	3185.7837	2870.545
3661.2432	2693.0818	2985.919	2909.3882
3810.2163	2714.6494	2932.2974	2926.742
4025.5945	2726.0017	2740.919	2972.0383
3602.2974	2853.098	3015.6758	3007.3843
3832.3242	2809.6763	3100.8647	3037.3364
3998.8918	2655.1797	3144.081	2893.828
4209.3516	2662.1797	2919.6487	2966.2485
3417.973	2650.0444	2932.6216	2977.7744
3870.6487	2641.475	3138.7568	2905.4456
3743.081	2658.6353	2859.4324	2881.765
3438.4595	2604.6423	3179.5134	2860.8643
3792.4055	2574.6958	2891.4324	2845.6062
4051.1082	2637.322	3223.2974	2917.3613
3886.7297	2621.6013	2929.5945	2902.7725
3957.3513	2599.1887	2935.4055	2868.1567
3642.2974	2684.3062	3285.3242	2910.4492
4226.243	2743.9805	3375.2703	3003.3823
4003.919	2765.4324	3089.6487	2946.7686
4019.4055	2689.2349	3116.081	3114.2659
3746.4866	2779.1868	3223.3242	3009.172
3968.8108	2710.9946	3079.4324	3000.736
3689.5676	2603.388	2951.3784	2865.805
4174.4326	2632.121	3081.4866	2916.1338
3551.4324	2558.402	2979.3784	2905.935
3946.973	2648.5908	2974.6758	2926.505
3614.7837	2718.0374	3005.8918	3015.8088
3488.973	2674.7917	2959.081	2979.9675
3963.4324	2694.888	2977.3784	3002.8508
3908.5676	2640.63	3133.4595	2981.7456
3756.2703	2683.0676	3167.2432	2968.52
3658.3513	2650.7012	3069.5134	2960.476
3775.5405	2580.3203	3137.3242	2911.0957
3548.6758	2685.5337	2913.838	2941.1587
3850.027	2646.671	2963.1353	2889.975
3988.3784	2596.6584	2982.7297	2924.3823
3652.1892	2659.4663	2822.8918	2884.48
4043.4595	2609.605	3069.4055	2900.9656
3628.973	2625.8665	2824.3513	2860.459
3830.7297	2652.224	2883.3513	2870.6846
3818.1892	2659.6086	2911.5405	2872.4875
3874.6758	2627.751	3357.4055	2881.8853
3470.973	2682.7917	3069.973	2897.2676
3677.0	2611.3967	2955.8108	2797.0498
3617.919	2653.1619	3348.4595	2935.2446
3872.2163	2673.3647	3082.838	2827.2217
3881.027	2606.3577	3077.5945	2847.476
3631.5405	2637.4182	2867.946	2925.8584
4065.054	2609.7063	3098.919	2850.8184
3695.6216	2594.1174	3042.3513	2825.0479
3790.0	2626.6423	3012.1082	2861.805
4021.8647	2705.452	2868.1082	2934.7993
4121.5405	2738.6992	2950.6216	3102.0286
3977.6758	2726.4146	3063.081	3017.4895
4060.2163	2699.4287	2979.4324	3009.9407
4159.162	2726.5515	3515.4595	3058.5793
3893.7297	2715.0303	3109.1353	3034.2275
3262.2432	2727.5764	2979.6758	2990.281
4016.4866	2685.0764	2950.2163	2909.52
3859.946	2729.42	3190.5945	2997.782
3493.2974	2666.1067	3009.6758	2918.8374
3858.5945	2659.669	2887.7026	2877.721
3680.6216	2606.4644	2965.7026	2897.7764
3592.162	2601.9822	3127.5676	2839.8547
3821.6487	2711.5713	2964.2974	2893.4263
3854.3242	2640.726	2936.5134	2893.9521
3521.8108	2687.8914	3114.973	2942.9102
3596.1353	2615.961	2915.2432	2932.1663
3724.054	2656.6565	3248.838	2974.327
3869.2163	2672.2563	3222.5676	3014.6558
3989.1353	2657.5623	3128.4324	2939.4263
3931.1892	2707.0552	3238.7837	2948.7131
3897.6758	2723.557	3192.838	2975.6558
4295.811	2683.224	2889.5405	2980.0554
3758.7297	2805.1494	2998.838	3037.392
3916.2703	2708.8362	3030.7026	2974.721
3603.7297	2747.4768	3012.5134	3002.2773
3503.3242	2739.7651	3049.5405	3012.5623
3757.5405	2735.5764	3155.3513	3043.1416
3752.027	2708.0374	2888.7568	2915.457
3857.2703	2714.7153	3169.162	3004.3403
3533.2703	2638.5889	3118.1353	2835.1855
3949.8647	2619.475	3067.0	2823.2046
3500.5405	2613.9946	2945.5676	2861.7534
3578.1892	2625.3896	2972.8647	2865.4397
3726.2432	2711.0232	2910.2163	2989.3154
4089.1892	2694.3008	3005.5945	2920.6272
3784.7568	2640.6619	3076.6216	2995.3442
3425.3784	2629.2705	2927.5945	2880.4685
3131.8108	2621.6992	2870.6758	2904.0479
3061.3242	2596.4714	3165.3513	2934.6921
2991.6487	2596.4963	2913.6758	2789.1892
3289.8647	2611.1638	3198.8647	2881.7456
3360.6487	2709.1975	3178.6487	2989.195
3300.946	2657.9092	3285.838	2974.3232
3466.3242	2665.3435	3106.4866	3054.3997
3365.0	2686.178	2979.946	2997.019
3379.027	2693.098	3223.0	2945.4207
3394.162	2683.9768	2993.2703	2969.0842
3177.2163	2656.8398	2719.6216	2847.6387
3364.8918	2666.1067	2990.838	2920.1147
3292.7026	2685.7402	3051.7297	2926.476
2968.2974	2628.5125	3044.4866	2898.4856
3126.7297	2582.8452	2750.2974	2853.2332
3153.6216	2615.274	3305.3513	2871.262
3291.6216	2627.3523	2729.3784	2820.8184
3407.946	2580.4004	2732.5676	2858.1511
3182.6758	2526.9644	3125.054	2896.826
3152.054	2676.936	3117.3513	2898.5295
3045.4595	2615.8914	3141.7568	2912.4915
3516.4595	2730.347	3203.7297	3088.0095
3522.6487	2742.5784	2793.162	2947.0383
3091.6758	2632.4146	3108.7837	2955.7783
3615.2703	2604.4182	2885.3784	2909.6636
3047.8647	2691.4875	2989.3513	2872.279
3128.3513	2614.3079	2768.8918	2812.6826
2839.5405	2556.5374	3039.8918	2884.9197
3225.2163	2617.9092	3183.838	2859.004
3188.054	2632.3577	3024.081	2907.9292
3327.5134	2719.879	3070.1082	2950.3442
3400.0	2744.7527	3370.919	3015.3728
3297.054	2717.8237	3262.054	3007.9043
3623.6216	2709.1387	3083.7026	2918.9292
3385.3242	2721.427	2956.081	2954.4531
3489.4866	2687.8079	3062.919	3019.8987
3189.2163	2629.854	2926.4055	2911.0325
3435.7026	2715.1138	3161.027	2921.1797
3473.5405	2750.6282	3133.4324	2981.8433
3646.2163	2700.1602	3078.2974	2871.413
3671.8647	2674.863	2898.4055	2938.1416
3606.4595	2649.5498	3334.4324	2912.8433
3442.3242	2680.4448	3077.1353	3009.9255
3247.7297	2736.274	3128.7568	2928.9177
3248.5134	2651.7224	3059.4324	2920.279
3386.054	2689.354	3238.5405	2948.8164
3381.2432	2693.0461	3353.1892	3033.675
3021.2974	2716.0444	2733.2703	2999.4836
3462.027	2637.5942	3369.162	2994.3577
3387.8108	2612.605	3174.4866	2885.9675
3251.3513	2612.0515	2791.5134	2827.958
3348.973	2588.8486	2930.0	2836.6443
3327.054	2643.4182	2724.081	2862.7954
3188.8918	2619.3809	2858.1082	2811.046
3575.5134	2655.4092	3023.054	2845.5295
3360.2974	2615.2527	3088.7297	2794.1682
3233.8647	2653.9236	2949.3784	2881.2046
3420.946	2626.5996	3048.1082	2938.0708
3226.1353	2678.6335	3094.973	2899.5623
3299.8647	2608.4963	2858.946	2915.4492
3815.4055	2591.0337	3233.946	2867.1013
3463.4595	2623.3896	2951.6487	2900.4705
3381.7568	2530.9216	3149.946	2903.6118
3334.027	2549.6353	2963.8918	2767.2544
3153.2974	2586.4075	3076.5134	2844.1433
3127.3242	2557.637	2904.6487	2861.7554
3072.919	2601.0054	2994.973	2850.983
3332.8647	2607.9395	3172.8647	2840.6177
3073.1082	2658.621	2748.4055	2841.241
3600.1353	2654.6387	3156.7568	2910.5393
3359.2432	2674.7864	2792.5134	2866.2332
3612.3784	2825.3826	3159.162	2945.8433
3383.8108	2759.4556	3399.946	3048.8872
3202.1353	2822.0444	3311.054	3006.3538
3651.054	2666.5962	3159.162	2941.6616
3075.2974	2610.0676	2699.6487	2900.5908
3240.4324	2626.0908	2937.838	2979.3289
3258.2432	2610.71	2913.8918	2873.1472
3083.3242	2543.4448	2779.7026	2768.6194
3212.838	2569.7295	3085.946	2796.4531
3067.3242	2606.5996	3097.027	2855.478
3248.838	2587.2012	3212.3513	2913.1262
3060.5405	2535.5747	3112.8108	2793.195
3208.2163	2608.484	3102.5134	2874.3174
3038.2703	2580.863	3374.1892	2890.3328
3182.081	2629.0444	2943.3784	3012.7515
3322.973	2696.5996	3128.081	3048.738
3359.7026	2743.2153	2937.1353	2993.237
3438.919	2723.2224	3061.162	3005.025
3132.973	2634.6868	3012.162	3020.5525
3305.0	2584.4556	2735.973	2842.7515
3179.4595	2659.7812	2853.4324	2948.3633
3338.5676	2561.7332	2986.4055	2832.3594
3237.7026	2528.475	2872.162	2824.1167
3177.3513	2609.7083	2825.6216	2869.9236
3030.6216	2553.4805	2756.919	2850.8813
3172.7568	2544.4539	3048.3242	2817.996
3526.5676	2637.4307	2853.973	2803.6348
3329.5134	2637.8167	2853.6487	2809.2007
3223.081	2578.3096	3077.973	2903.0383
3306.3242	2662.742	2981.6487	2955.0498
2877.081	2585.8113	2971.162	2902.063
3095.054	2581.653	2762.919	2777.1567
3438.5676	2535.0605	2873.5676	2856.243
3139.2163	2618.7883	2822.2163	2794.3098
2907.1082	2572.1477	2761.7026	2898.784
3626.5945	2567.0872	2798.8647	2815.2485
3351.6758	2652.5037	2742.3242	2882.8567
2966.5945	2573.9182	3070.2703	2878.4072
3041.4324	2575.3914	3090.5676	2903.7725
2835.8108	2550.468	2994.3242	2826.1187
3278.4324	2611.2598	2971.3242	2778.1262
3219.5405	2633.2776	3196.5134	2827.3462
3112.2703	2549.0588	2858.5945	2856.088
3273.2432	2591.573	2793.1892	2831.1626
2963.919	2509.8416	2970.5134	2811.5833
3086.1353	2542.9556	2927.6758	2790.7095
3413.946	2576.9983	3050.054	2781.0918
3283.0	2588.098	2971.8108	2902.4531
3164.1892	2570.6638	2837.7297	2836.2524
3463.4866	2530.9734	3020.838	2833.501
3074.2432	2588.1958	3054.919	2815.1797
3212.838	2649.0	3272.1353	2932.264
3123.3513	2643.427	3016.2974	2987.6846
3271.1082	2715.468	3051.3242	2947.023
3569.5945	2703.7473	3009.7297	2912.1033
3273.8108	2717.776	2897.3242	2886.0918
3477.7568	2590.1245	3247.1353	2909.2659
3182.5405	2542.685	2834.946	2827.302
3417.081	2601.039	2887.7297	2940.3633
2948.7837	2573.5962	2778.162	2803.3193
3061.7837	2588.539	2852.6216	2857.979
3084.3784	2516.1067	2849.5676	2893.6099
3236.5676	2594.4963	2790.838	2849.4282
3214.1892	2606.6033	2975.0	2847.023
3457.054	2651.6316	3175.7026	3031.3977
3236.027	2691.6548	3216.3784	3022.3862
3197.7297	2719.9092	2809.1353	2994.044
2993.4324	2612.8132	2970.946	3010.7935
3459.8108	2684.5232	2975.2974	2997.474
3290.838	2688.8843	2866.2703	2958.7056
3094.4866	2545.5605	3149.919	2851.7915
3689.027	2534.7812	2983.2974	2808.765
3389.1082	2585.847	2974.8108	2827.4321
3053.027	2546.8718	2784.0	2818.9885
3250.946	2619.427	3220.7568	2913.5488
3126.7837	2555.1975	3001.7026	2944.302
3422.054	2674.3362	3030.946	2869.937
3283.162	2549.2117	3188.4055	2876.478
3200.162	2561.8398	3029.054	2795.8757
3277.162	2656.6638	2982.162	2830.8699
3473.3513	2625.2615	3091.2432	2848.4531
3164.6487	2614.436	3038.838	2912.998
3412.7837	2569.566	3076.081	2940.0364
3025.7026	2685.7153	3006.4324	3000.7112
3120.6216	2632.79	3027.1353	2995.5754
3488.2703	2712.2544	3086.2974	2978.3232
3199.027	2599.217	3022.838	2900.8125
3251.5134	2606.4502	2952.3242	2847.8853
2950.7026	2536.4146	3023.3784	2825.717
3084.1353	2633.9182	2892.2432	2857.1243
3107.2703	2540.6887	2866.973	2777.3135
3307.1082	2626.678	2729.1892	2799.3806
3293.4324	2638.137	3209.054	2923.6387
3195.0	2742.9875	3105.054	3023.828
3550.8108	2707.0266	2999.8918	3001.801
3146.8918	2712.8862	2741.4866	2985.9043
3467.973	2653.039	2934.1353	2982.046
3368.5945	2559.3381	2844.5676	2890.3518
3185.6216	2576.0925	2748.8918	2817.26
2871.5405	2553.3435	2881.5134	2858.5793
3380.919	2559.329	2876.2703	2854.9521
3334.7837	2528.105	2867.5134	2915.214
3080.8108	2660.7456	3188.4055	2941.1453
3348.4595	2690.5942	2928.4595	2904.675
3461.4866	2719.5784	3682.973	3204.8184
3413.4324	2729.6584	2767.6216	3001.109
3461.1353	2726.6494	3173.2163	2886.348
3126.4324	2604.902	2823.027	2894.218
3202.838	2559.6938	2851.4866	2835.067
3230.0	2543.2812	2988.5945	2758.1357
3030.0	2609.1086	3030.027	2823.7744
3347.8918	2647.3862	2836.6487	2808.044
3540.8647	2623.7295	3146.5676	2897.2122
3464.4595	2757.9946	3119.1082	3029.6138
3717.3784	2751.4307	3166.8647	3001.8394
3468.3784	2688.5142	3062.2163	3010.9944
3832.4595	2666.7615	2911.973	2972.497
3462.3242	2582.9502	3061.7568	2903.6443
3294.5945	2586.2864	3073.4324	2833.5793
2750.8918	2569.6938	3218.4324	2833.2888
3427.2974	2657.8452	2921.054	2868.6406
3125.027	2525.137	3081.054	2800.327
3178.027	2618.5286	2890.6216	2876.5698
3693.973	2525.0356	2979.3784	2869.4282
3409.2974	2553.2188	3084.4866	2806.9177
3229.1353	2554.8523	3010.7297	2953.0898
3452.2432	2575.6477	3129.6758	2893.977
3184.3784	2636.7278	3039.2432	2884.109
3571.1082	2674.3594	2911.919	2896.7095
3339.027	2614.0784	2986.3242	2850.3633
3489.5134	2682.3398	3056.162	2860.2888
3478.7297	2595.637	2841.3242	2913.2888
3364.919	2640.8772	2952.054	2943.279
3455.5405	2616.0854	2832.4595	2852.5334
3162.027	2635.217	3118.054	2895.9446
3235.3242	2571.961	2881.3242	2838.9312
3290.1353	2591.8914	2742.3784	2864.0613
2995.946	2604.1958	2790.4055	2850.495
3303.081	2583.5515	2863.162	2846.9465
3078.7568	2580.7332	2963.5134	2861.9714
3148.162	2595.6387	2933.2974	2802.3787
3073.6758	2571.5	2827.946	2778.5315
3578.8918	2514.6406	2844.3513	2781.7783
3231.2974	2532.6565	2904.8918	2776.7227
3204.2974	2542.3113	3016.7026	2814.7075
3266.0	2573.4875	3236.5134	2940.3213
3308.027	2600.8096	2959.5405	2835.8892
3326.2974	2648.6033	2847.7297	2864.0994
3776.919	2600.6387	2948.7297	2858.2275
3763.4055	2686.7937	3229.8108	2960.1357
3421.5134	2702.4395	3099.5945	2993.1892
1155.2433	1212.0944	3502.3242	2427.6538
1234.027	1192.3345	3925.3513	2434.5908
1171.2972	1187.0925	3380.2163	2455.0479
1199.0	1188.6832	3685.081	2397.283
1168.6216	1181.9413	3502.1353	2387.3232
1254.0	1193.1672	3501.2974	2404.4607
1183.3784	1194.2722	3863.1082	2356.7554
1172.1082	1206.3131	3355.081	2363.3403
1229.1351	1199.5605	2932.3784	2356.3882
1221.1892	1189.6691	3746.919	2425.996
1233.4595	1197.6014	3576.2432	2388.1567
1228.7297	1205.9377	3547.5676	2359.1797
1188.6216	1187.6672	3585.7837	2300.8337
1214.2433	1191.6228	3380.1892	2393.9102
1182.973	1195.5356	3612.3513	2337.4321
1181.6757	1191.0409	3673.7297	2382.5085
1209.2703	1191.178	3628.919	2363.9485
1209.2162	1194.5747	3890.946	2342.8354
1189.7028	1201.1423	3589.5676	2361.7131
1152.973	1204.8168	3621.3784	2343.4246
1166.081	1201.1104	3596.8647	2324.9177
1182.5405	1193.984	3540.3513	2320.413
1173.2703	1194.9324	3830.919	2341.327
1190.8649	1187.4288	3318.0	2392.0764
1229.3513	1184.6334	3687.5405	2318.715
