# all data are average pixel intensities inside the selected area
# areas:
# 37	498	37	482
1116.2703	1140.4879	3097.5405	2275.4958
1159.4865	1144.5903	3323.2974	2268.4128
1134.5946	1147.4358	3348.081	2278.4233
1156.5405	1140.9197	3409.027	2246.224
1119.8649	1145.8011	3251.2163	2252.28
1151.4865	1149.3956	3101.3513	2256.9377
1144.8379	1154.3273	3315.162	2258.22
1142.0541	1150.7008	3353.7297	2236.6204
1129.7567	1149.7831	3315.8918	2222.249
1136.1351	1144.5382	3239.027	2213.2925
1141.8918	1151.1326	3164.7297	2231.1619
1134.3243	1143.6366	2971.8647	2203.1182
1207.2433	1153.0342	2954.7837	2172.5623
1131.8379	1150.024	3273.5134	2204.7656
1157.5946	1143.9819	3184.4866	2152.4524
1162.1082	1151.1787	3379.4595	2253.1702
1146.5676	1131.976	3398.5405	2107.5435
1121.5946	1143.49	3135.3513	2203.7905
1126.8649	1145.3213	2925.5134	2183.6785
1151.4324	1147.8394	3052.054	2154.3071
1130.8108	1139.2229	2725.054	2203.917
1140.1082	1141.1445	3066.946	2143.3237
1161.5405	1151.7289	2981.4595	2139.1514
1168.919	1153.6547	3381.8108	2140.915
1139.081	1150.261	2978.2703	2227.589
4587.189	2556.9338	3150.7026	2955.4917
4412.6216	2507.0361	3079.2163	2872.697
4352.162	2482.492	3074.8108	2961.774
4398.2163	2496.99	3044.2163	2846.392
4796.973	2500.5603	3170.4324	2890.556
4715.027	2471.3774	3100.838	2938.666
4518.2163	2478.02	3042.7568	2903.969
4248.108	2496.1426	3260.6758	2966.7324
4170.7026	2503.8555	3192.3784	2958.0767
4752.892	2468.4458	3122.3242	2975.0974
4356.8647	2524.492	3070.8918	2992.0042
4569.5137	2523.7732	3104.4866	2892.9773
4445.4326	2488.98	3017.0	2906.8445
4676.919	2490.5342	3157.8108	2871.0933
4560.1353	2513.753	3186.8918	2992.859
4490.2974	2500.5703	3209.946	2999.832
4602.5405	2474.99	3368.6758	2994.4211
4375.6216	2484.9216	3114.027	3020.4585
4759.2163	2564.3174	3012.2974	2959.3838
4602.811	2478.1907	3149.1082	3043.861
4619.027	2478.3655	3100.3784	2977.112
4808.027	2514.6907	3305.081	2949.444
4890.243	2542.1687	3494.162	3054.6016
4353.6216	2508.6868	3043.2974	3011.4648
4783.108	2478.3213	3245.8918	2931.1057
4644.7837	2472.0461	3333.162	2906.0144
4311.757	2486.1907	3219.5405	2899.2095
4845.8647	2553.263	3141.973	2966.5227
4583.3516	2441.6707	3098.054	2908.7344
4795.5137	2567.016	3301.1082	3030.494
4570.189	2476.789	3026.1082	2911.7302
4003.7297	2448.289	3129.8647	2851.4524
4147.676	2485.8535	3040.081	2897.6472
4741.7837	2457.51	3214.5945	2996.0393
4638.2163	2469.3152	3172.5134	2961.2593
4509.6484	2455.6226	3037.838	2876.7468
4666.2974	2480.0703	3228.4055	2876.726
4570.946	2472.0342	3335.3242	2997.2988
4578.4595	2469.2268	3158.7568	2919.251
4295.243	2428.8252	2977.081	2866.4358
4574.7026	2469.006	3153.6487	2944.6702
4235.4326	2449.4338	3392.973	2948.0435
4383.324	2488.8474	3144.0	2988.6223
4786.7837	2477.5583	2899.3242	2915.3113
4696.838	2458.759	3108.5945	2987.2656
4143.973	2360.7932	3270.2432	2889.2656
4446.6216	2447.8494	3316.3242	2951.8298
4471.7026	2404.49	3260.5945	2873.7532
4491.3784	2479.259	3269.946	2974.8464
4274.4053	2390.0842	3233.838	2829.695
4654.892	2536.1807	3309.838	2953.28
4044.1892	2486.3374	3205.3513	2912.5706
4217.757	2380.8594	2993.7026	2834.143
4718.811	2496.6306	3048.973	2907.9731
4629.2163	2481.6465	3442.5676	2974.5144
4312.946	2416.1567	3112.973	2798.5498
4687.3784	2492.7732	2817.0	3009.471
4816.7837	2532.4438	3019.3513	2970.668
4252.4326	2346.2913	3029.081	2866.2324
4533.973	2425.8716	2905.4866	2813.6826
4386.973	2562.982	3171.081	3044.911
4362.5674	2513.0723	2910.2163	2950.724
4576.2163	2386.9478	2992.7297	2767.2427
4639.757	2420.5923	3141.7297	2952.2136
4515.7837	2470.3333	3363.6216	2984.7656
4269.838	2526.6968	3230.8647	2998.1223
4225.0	2334.0342	3042.7837	2895.4482
4247.6484	2370.002	2928.5945	2816.0974
4803.0	2424.5684	3233.3784	2894.857
4903.892	2386.8174	3190.8918	2902.1057
4717.7295	2476.1506	3123.1892	2994.3071
4466.919	2419.4297	3149.1082	2965.888
4585.4326	2431.4858	2901.4595	2831.502
4360.676	2352.5903	3005.2703	2829.5725
4263.2974	2403.2048	2995.6487	2851.8215
4727.5405	2445.1226	3113.5945	2915.72
4693.7295	2487.2268	3011.2432	2972.3838
4553.919	2508.713	3123.946	3019.8672
4623.811	2485.9377	3289.2163	3023.1555
4825.6216	2473.223	2972.2432	2975.469
4790.2974	2571.5442	3363.1353	3094.2573
4649.946	2524.3374	3161.973	3014.058
4707.4053	2484.6284	3080.7026	2891.7717
4583.676	2481.6165	3033.027	3009.3694
4399.838	2416.48	3045.4595	3024.1265
4443.3784	2494.2952	3434.6758	2979.7842
4650.6484	2418.9277	2951.2703	2958.888
4722.7837	2462.3655	3251.7026	2918.5808
4707.4326	2406.3132	3203.919	2944.9316
4614.838	2377.763	3201.081	2884.6577
4850.6216	2415.8274	3178.7026	2873.8943
4302.811	2348.4658	2920.2703	2868.417
4417.2163	2361.243	3289.1353	2809.0
4236.027	2313.7048	2945.8918	2786.857
4577.2163	2348.8796	2969.2432	2792.5747
4385.5674	2399.5422	3018.8918	2838.3735
4633.7295	2469.1345	3098.162	2878.6536
4486.757	2396.0662	3048.2163	2947.6182
4717.6484	2402.779	3093.2163	2920.6804
4718.5947	2448.0764	3353.6487	2917.195
4619.676	2446.4097	3336.3784	2946.2966
4291.8647	2408.5884	2967.054	2856.3943
4341.027	2418.488	3203.5945	2897.0208
4250.1353	2408.4358	2760.0	2785.724
4680.5405	2359.6887	2749.054	2819.475
4770.3784	2393.7952	2993.5405	2888.809
4355.108	2354.0361	3094.0	2806.9294
4416.054	2378.287	3017.3784	2866.2324
4189.919	2363.1968	3111.7837	2839.7551
4269.6484	2369.9377	3133.973	2785.942
4200.8647	2319.1848	3021.1892	2840.3008
4357.4863	2294.8855	3088.3242	2778.8257
4241.0	2343.5903	2967.2974	2726.892
4104.2705	2413.3071	3176.2703	2789.195
4201.973	2330.5803	3273.2703	2794.3943
4523.5947	2334.496	3003.8108	2816.7656
4579.4326	2490.962	3205.4595	2941.143
4867.243	2464.512	3254.973	2916.9875
4434.6216	2419.6084	2969.162	2968.6804
4881.324	2449.777	2898.2703	2882.494
4482.946	2367.7068	2987.162	2816.8547
4193.2163	2322.267	2926.919	2829.525
4398.838	2385.211	3062.8108	2801.529
4357.811	2294.4316	3042.1082	2702.0083
4530.6484	2346.47	2899.2974	2796.805
4144.081	2349.8896	3075.5134	2828.7925
4513.6484	2377.1045	2871.7026	2871.388
4177.189	2418.213	3206.081	2989.054
4689.7295	2466.008	3376.3242	2855.1846
4566.108	2376.022	2844.2974	2869.7427
4826.2163	2358.9858	2964.4324	2845.5269
4181.973	2343.3174	2903.3242	2779.5767
4029.5676	2303.0984	2955.6216	2778.5808
4787.919	2410.751	3096.7568	2904.2158
4843.324	2388.6726	3072.7297	2897.1992
4574.892	2412.6445	2968.081	2827.6162
4572.054	2312.4116	3003.4055	2851.2385
4314.892	2336.231	3045.1353	2759.4834
4480.7026	2350.2268	2874.4866	2795.531
4565.162	2392.3494	3123.7568	2772.6306
4328.5674	2329.004	3148.2163	2790.8943
4645.973	2368.5723	3195.5134	2859.3464
4665.1353	2417.4136	3027.5676	2952.6038
4947.757	2445.5984	3096.162	2891.8755
4573.0	2373.0784	3151.6758	2955.917
4495.676	2356.8674	3124.7297	2862.8818
4826.4863	2307.1868	2878.162	2855.7053
4387.6216	2378.1465	2988.027	2814.7136
4174.838	2383.498	2872.946	2798.832
4231.3516	2353.7852	3078.2432	2743.6743
4396.3516	2344.1306	2722.946	2714.3984
4616.5137	2374.5522	3159.8108	2719.834
4334.892	2362.5784	2836.838	2746.2864
4354.054	2340.1687	2778.2432	2868.4358
4361.811	2353.6687	3204.5945	2835.2573
4739.4053	2341.7832	2932.4595	2843.9917
4493.108	2394.1426	3004.8108	2857.9668
4115.027	2393.988	3297.4324	2927.6743
4313.324	2372.6667	3023.3242	2955.8445
4041.3784	2456.231	3182.3242	2923.9917
4476.054	2374.8052	3116.2163	2832.3694
4113.6216	2317.729	2734.2432	2773.4004
4442.946	2276.6506	2898.4055	2759.6494
4372.2705	2292.8955	2750.4324	2782.3777
4489.6216	2361.289	3104.1082	2854.3423
4193.811	2450.5	3000.027	2904.0166
4503.757	2435.518	2710.4595	2884.7573
4974.4863	2484.5945	3298.7568	2926.9792
4933.6216	2460.289	3278.946	2911.137
4571.4053	2406.8333	3113.054	2980.137
4153.081	2392.494	3116.5945	2802.7283
4466.973	2328.8574	2960.3242	2756.5208
4247.8647	2336.8796	3099.4324	2771.4026
4632.3784	2347.016	3187.3513	2860.7883
4272.6484	2348.5142	3186.054	2849.8943
4348.973	2300.3755	2947.8647	2758.139
4406.8647	2344.998	2892.8108	2749.5767
4249.6484	2338.03	3076.8918	2801.9565
4425.5674	2347.1064	3124.8918	2822.1992
4541.4863	2298.0261	3128.6758	2730.1472
4522.7295	2371.4197	3118.919	2790.7966
4341.919	2337.8433	3084.162	2826.7178
4360.5674	2281.713	3032.6758	2767.0352
4524.5947	2356.261	3143.027	2836.5767
4271.2163	2380.5261	3247.2163	2852.8008
4272.5674	2321.1487	2884.6758	2774.1182
4301.081	2326.9539	2876.4324	2819.9668
4153.162	2364.1948	2845.8647	2744.6038
3923.4324	2323.8997	2865.6216	2784.3818
4420.4595	2349.1284	3206.5945	2759.1306
4556.6484	2265.0503	2949.1082	2818.7302
5013.8647	2463.48	3206.2974	2963.4004
4593.838	2399.988	3249.4595	2893.7883
4982.5674	2437.96	3071.4055	2939.9087
4865.973	2417.048	3414.3513	2931.614
4334.838	2389.028	3256.838	2930.2407
4613.054	2433.0422	2906.4595	2872.7905
4409.6484	2286.4077	3036.2432	2889.7573
4512.081	2386.3875	3147.6487	2850.2905
4432.2974	2365.012	2808.7026	2804.94
4166.811	2338.472	3043.3513	2765.4482
4623.108	2318.8655	3012.6758	2804.695
4872.243	2369.4377	3175.054	2823.0767
4481.7837	2336.3333	2998.7837	2785.695
4339.811	2369.04	3212.838	2795.363
4377.8647	2330.3013	2958.4324	2760.5208
4341.027	2366.2732	3072.7026	2892.8237
4174.0	2376.6426	3255.1353	2824.305
4485.946	2392.49	2939.6487	2883.9358
4629.054	2377.9658	3168.6216	2865.2883
4487.027	2367.6646	2942.027	2842.776
4923.811	2422.3755	2980.5405	2851.1162
4650.4863	2402.271	2976.8918	2948.6638
4542.2163	2397.6768	2962.2974	2932.1597
4506.1353	2438.8455	3324.5405	2909.5208
4586.5405	2444.1326	2910.6487	2850.4482
4498.054	2381.4458	3210.5134	2937.083
5054.946	2445.4136	3408.8108	2973.334
4497.324	2405.779	3002.7297	2905.6182
4651.4863	2392.8474	2893.5676	2857.9004
4131.054	2309.9338	2975.5945	2810.6536
4472.5137	2294.6365	2968.8108	2768.809
4399.027	2384.2048	2858.7297	2702.8943
4448.8647	2326.1284	2704.4324	2819.6597
4575.189	2355.3574	2948.919	2864.9045
4646.027	2452.502	3051.919	2900.8818
4799.5674	2369.4338	3008.6758	2940.4958
4294.2163	2358.287	3061.8918	2809.8713
4427.081	2363.1929	3132.081	2805.2656
4217.189	2267.1045	3032.081	2725.2449
4334.6484	2354.0522	3002.3513	2682.9524
4363.1353	2329.9539	2960.2432	2802.5208
4689.7837	2344.6245	3152.6216	2832.691
4581.027	2397.2168	3207.162	2843.9502
5081.108	2347.6265	3181.2432	2823.9731
4557.7837	2404.0522	3390.7837	2898.031
4571.108	2357.6184	3056.1082	2948.1494
4994.243	2340.53	3062.6487	2867.1826
4538.7026	2344.9377	3002.946	2805.3755
4599.5674	2376.6726	2786.054	2862.3672
4640.676	2304.4055	2877.5676	2822.4192
4353.4326	2351.4539	2894.4055	2852.8528
4311.5405	2346.3152	2889.054	2776.9773
4482.946	2284.739	3014.5676	2807.4294
4175.054	2347.8293	2922.027	2742.475
4212.4326	2310.6587	2765.8918	2754.5144
4450.4863	2285.5823	2696.4324	2751.1016
4104.4595	2282.5422	2885.2163	2830.8362
4705.2974	2368.494	3305.1082	2862.0684
4506.108	2438.8071	3232.027	2934.7117
4746.2705	2375.8313	2990.4055	2960.8174
4835.6484	2465.6606	3289.973	2865.6472
4291.892	2351.3455	3008.054	2828.2551
4601.054	2309.0542	2992.081	2778.8464
4422.3784	2302.462	2914.973	2777.475
4985.1353	2349.012	2992.1892	2788.9814
4857.1353	2378.1326	2846.7297	2761.4585
4405.108	2296.2268	2655.1892	2888.886
4719.946	2364.2832	2713.5945	2794.143
4589.757	2411.749	3080.5945	2981.056
4253.946	2458.6506	2983.1892	2911.9524
4314.4595	2421.1045	3307.1892	2892.4834
4202.162	2370.8535	3347.838	2962.531
4646.973	2394.3494	3185.054	2933.2717
4188.757	2361.9036	3203.3242	2888.392
3876.973	2402.3936	3209.5134	2845.668
4394.676	2426.8875	3132.3784	2854.22
4776.892	2442.0803	3273.4324	2907.137
4475.811	2363.996	3254.7837	2842.7117
4590.8647	2366.8613	3194.946	2895.141
4597.0	2376.0623	3118.7568	2877.3796
4342.6484	2387.763	3146.4324	2856.3672
4356.2974	2345.5764	3025.8918	2911.3713
4852.5405	2383.0662	3170.8918	2944.4607
4706.1353	2380.4438	3167.0	2961.8362
4319.4053	2476.9858	3084.4866	2870.2615
4669.6216	2403.4377	3020.8647	2856.0933
4704.081	2352.6406	2977.7837	2824.7136
4635.7295	2290.3997	2948.838	2787.6702
4549.4863	2264.8535	2731.162	2699.8506
4544.3516	2254.5684	2958.2432	2736.085
4423.7837	2262.9639	2926.3242	2828.6245
3841.7568	2303.5864	3066.2974	2814.6555
4421.7026	2302.2832	2944.0	2795.6514
4452.243	2327.3835	2852.3513	2823.9233
4569.8647	2349.5884	2872.1082	2834.249
4507.5674	2413.3071	2863.838	2765.7302
4437.8647	2363.1045	2985.7568	2833.6868
4166.5137	2365.6245	3139.1082	2770.7366
4351.0	2334.233	2862.1892	2808.0186
3940.2163	2306.2852	2750.7568	2804.1804
4380.027	2232.7087	2933.1082	2759.72
4536.108	2355.9036	3002.973	2701.2075
4152.973	2259.6929	2965.8918	2769.191
4672.4595	2326.3313	3015.1082	2721.2634
4602.3784	2382.538	2938.5945	2773.9585
4530.3516	2330.743	3284.5405	2755.5747
4478.5137	2401.1165	3139.3784	2874.4524
4288.838	2428.978	3197.3784	2801.8362
4233.324	2454.237	3041.7837	2938.114
4811.6484	2496.4077	2900.2974	2983.614
4460.811	2503.4377	3065.162	2950.1555
4326.5137	2331.9497	3050.3784	2866.863
4641.5947	2378.4277	2976.2703	2780.3943
4411.108	2398.7249	3094.3242	2824.031
4405.5674	2311.5884	3119.1353	2783.6887
4208.811	2295.3774	3092.7837	2728.7053
4422.324	2293.1887	3089.054	2765.3694
4652.7295	2377.8655	2684.1353	2768.94
4380.3516	2435.018	2992.3784	2816.361
4152.054	2285.8635	3146.4055	2710.4668
4417.8647	2312.978	2849.4055	2756.2012
4490.2974	2333.5461	3161.2703	2856.4211
4711.4595	2360.9397	3078.7568	2869.3735
4738.919	2444.3555	2987.5945	2884.2615
4835.946	2433.4438	3085.919	2950.946
4691.189	2353.7732	3054.4324	2913.2676
4198.811	2395.0461	3145.4866	2849.5789
4397.054	2292.3052	2955.3242	2740.3672
4383.4863	2317.1787	2884.054	2803.803
4197.4595	2281.8313	2947.838	2714.3132
4180.5137	2276.9277	2953.2703	2824.108
4301.2705	2303.4216	2997.7026	2665.4211
4835.7026	2284.1306	2809.8647	2736.3445
4376.811	2290.233	3376.162	2762.8445
4437.676	2306.8274	2933.4866	2808.1702
4483.2705	2336.213	2915.162	2818.1287
4701.243	2271.5784	2993.973	2791.9814
4271.2163	2337.3494	3055.7297	2814.608
4559.676	2331.018	2795.081	2815.672
4198.6216	2293.4578	2937.8647	2761.1887
4456.6216	2272.6064	2719.6758	2739.8381
4156.5674	2295.4177	2838.946	2681.5913
4362.108	2270.4438	2729.8918	2751.4087
4731.8647	2301.5662	3143.4324	2752.2925
4435.946	2291.253	2999.973	2730.386
4402.7837	2329.518	3031.4055	2721.0706
4085.4866	2304.4177	2968.946	2785.1223
4185.8647	2313.757	2939.3513	2738.195
4253.6484	2276.9097	3132.1353	2794.5144
4548.3784	2320.1445	3103.4055	2796.471
4371.2705	2313.982	2735.1082	2666.9233
4178.676	2270.753	2979.5405	2748.9128
4542.5947	2307.512	3023.8918	2771.969
4401.2705	2272.6064	2831.5134	2798.8901
4416.5405	2353.6868	2883.4324	2820.7324
4288.054	2258.1003	2874.7568	2781.0498
4272.2163	2249.0842	3213.6487	2749.5747
4340.5947	2239.96	3020.7026	2761.0227
4375.162	2289.484	3007.8108	2742.4668
4573.676	2364.3313	2972.2163	2836.22
4512.2974	2378.5583	3274.5945	2844.5642
4532.324	2456.9658	3154.7837	2887.7615
4726.811	2340.3013	3016.919	2918.5415
4208.838	2389.0261	3213.4866	2857.8547
4362.919	2302.3875	2969.5945	2829.4834
4822.946	2295.8535	2900.2974	2748.7136
4514.973	2274.3333	2927.2974	2768.1555
3922.4055	2318.6748	2883.6487	2720.2344
4409.7837	2307.6426	2777.838	2770.0767
4751.7295	2233.719	2996.6216	2732.7053
4486.973	2291.2932	2993.2432	2764.78
4534.5137	2297.018	2765.3242	2841.415
4334.3516	2376.3232	3041.3784	2886.6826
4611.8647	2369.478	2938.4595	2873.7615
4590.973	2375.1406	2954.5134	2914.7593
4655.2974	2410.8071	2982.1082	2910.8132
4641.1353	2406.1426	3223.6216	2955.006
4301.919	2309.2651	3282.7837	2788.778
4385.3516	2325.3494	3031.4324	2824.0144
4398.1353	2384.9558	2825.4595	2814.643
4597.081	2280.5642	2984.1082	2793.5435
4085.8918	2316.508	3100.081	2793.3962
4346.8647	2255.747	2907.054	2787.832
4536.4595	2300.5461	3025.1892	2800.7593
4004.838	2288.8174	2807.919	2749.083
4415.081	2353.1365	3029.4055	2729.7822
4531.7295	2321.3313	3004.4866	2744.8154
4532.4595	2281.528	2785.2703	2747.506
4714.838	2365.1306	2986.5134	2748.2717
4641.892	2396.0461	3292.5945	2835.5664
4433.973	2361.0723	3014.1892	2831.06
4276.2974	2373.0964	3103.0	2889.4565
5007.1353	2419.8354	3055.081	2953.4524
4361.5674	2322.741	3153.8647	2889.5747
4501.757	2340.1125	3075.2974	2711.9565
4263.676	2364.7913	2886.838	2804.502
4512.973	2299.261	2739.162	2728.089
4750.5137	2252.5703	2741.973	2632.5352
4157.3784	2244.1868	3090.1353	2731.7551
4833.5137	2328.221	2995.7568	2824.805
4348.108	2406.6245	2740.1082	2842.7136
4801.081	2409.8635	3186.054	2890.7366
4860.6484	2414.01	3016.4866	2908.9958
4733.811	2379.5142	3149.5405	2931.9773
4506.7026	2368.8755	3234.3784	2933.9377
4571.7837	2339.2551	2872.8918	2839.2842
4361.5405	2390.231	2987.8918	2813.6057
4075.3513	2283.4358	2875.5676	2718.2551
4375.162	2321.5	2545.6216	2725.5332
3998.5405	2355.3394	2694.5405	2865.3755
4612.7026	2392.1707	3159.1353	2816.2615
4531.0	2390.4758	3141.2974	2906.166
4663.189	2376.994	3037.2974	2979.8652
4715.081	2401.1406	3211.3242	2873.0435
4448.946	2377.231	3003.919	2824.8237
4394.973	2326.5	2849.973	2846.2634
4654.7026	2312.8574	2945.1082	2804.1929
4460.189	2305.3755	2903.5676	2756.3506
4441.2974	2295.7952	2959.1353	2743.006
4755.4326	2346.994	2929.5405	2818.4565
4789.946	2362.3032	3387.973	2841.9648
4887.838	2431.2268	3421.838	2864.1038
5056.243	2340.508	3316.5134	2890.9377
4910.324	2413.4338	3174.6487	2926.7075
5110.108	2421.98	3269.7837	2866.946
4224.919	2312.3354	3034.6216	2761.6348
4481.162	2363.1987	2980.4866	2715.9917
4051.027	2301.9316	2874.1892	2683.2034
4473.919	2331.0642	2850.6758	2703.5996
4498.3784	2291.496	3155.081	2791.1743
4481.946	2269.253	3026.6758	2737.809
4720.5405	2337.749	2747.0	2783.6265
4677.676	2306.3574	2979.946	2841.0933
4616.811	2392.761	3264.7297	2840.0042
4489.4863	2334.4417	2814.2432	2779.4316
4627.5137	2351.8535	2992.8108	2849.809
4504.5137	2315.0422	2980.3242	2836.1306
4513.757	2389.8513	2943.946	2812.222
4409.243	2370.4578	3000.919	2805.832
4768.919	2357.3555	3000.919	2840.0476
4289.0	2339.9077	3080.6487	2815.3755
4331.4863	2327.6787	3187.162	2792.6016
4391.054	2312.797	2922.3242	2807.2822
4259.892	2374.4158	3027.5945	2660.4834
4443.3516	2261.7087	3065.162	2830.946
4346.1353	2236.0903	2984.919	2684.5393
4860.5674	2272.5823	3060.7837	2824.6785
3892.919	2273.1165	3090.919	2790.531
4386.811	2261.9316	2744.7297	2767.5913
4249.7295	2275.4358	2723.5134	2798.5186
4191.7837	2288.6125	3106.054	2720.2822
4392.811	2251.1968	3008.2163	2717.6182
4115.054	2267.0522	2884.7026	2820.222
4283.4326	2256.1726	2972.4866	2773.1785
4554.027	2257.998	2955.2163	2825.3298
4180.054	2288.4758	2776.5945	2805.776
4692.4595	2351.7268	2894.1082	2852.583
4904.946	2386.516	3167.1892	2833.0186
5151.189	2355.8977	3282.2432	2898.3962
1144.2162	1143.1084	3230.3513	2294.1348
1131.5135	1153.8634	3415.919	2271.7158
1117.1082	1141.1827	3462.5945	2254.0208
1136.6757	1151.008	3214.2703	2228.0498
1116.5135	1141.4016	3333.5134	2184.3962
1154.2162	1143.01	3065.7568	2241.2573
1170.2972	1136.8293	3420.8647	2249.4233
1145.4054	1147.5563	3127.6758	2200.6804
1184.027	1147.749	3156.6758	2233.4585
1124.0	1150.235	2805.4866	2200.9875
1129.2972	1147.3997	3216.2703	2235.9192
1150.3513	1155.2429	3101.2703	2227.7075
1149.7028	1140.6445	3002.162	2193.911
1118.6487	1142.5221	3101.2703	2197.892
1145.8108	1137.4318	2959.8647	2224.5103
1150.1351	1141.9257	3051.7026	2176.5415
1175.7297	1136.235	3098.6216	2179.3838
1162.6487	1145.49	3410.946	2209.3818
1121.0	1152.6647	3185.5405	2126.2344
1135.4054	1143.1445	2987.3242	2155.3796
1146.3784	1142.6405	3047.919	2212.029
1155.1082	1145.6385	2940.946	2210.28
1161.0	1140.992	2896.2432	2175.8735
1113.2433	1141.1486	3195.2432	2171.8796
1124.8108	1145.0844	3050.2432	2214.1638
